1      2.07234500  -3.241693000
2     17.93671000  15.784810000
3      1.08357600   7.319176000
4     11.12067000  14.406780000
5     23.71155000   2.557729000
6     24.16993000  32.024780000
7     21.66578000   4.892855000
8      4.69368400  12.342170000
9     19.21191000  -1.121366000
10     4.23039100  -4.441536000
11     9.12713000  23.605720000
12     0.40750310  15.297050000
13     7.31484600   3.309312000
14    -3.43840300 -12.025270000
15    17.63935000  -3.212345000
16     4.41529200  22.815550000
17    11.94122000   8.122487000
18     0.72585320   1.806819000
19     8.18527300  28.132600000
20    -5.77358700   1.024800000
21    18.76943000  24.169460000
22     7.75201600  -3.334991000
23    10.61132000  28.443780000
24     2.02165000  -4.687122000
25     5.14552500  11.186000000
26     6.24331000  19.477160000
27   -11.70671000   8.073185000
28     7.25597800  14.637040000
29     3.39237300   1.220712000
30    24.29990000  40.428870000
31     4.09400500   6.944695000
32    11.80358000  -2.445336000
33     0.09228785  -6.651035000
34    28.50607000  -9.091833000
35    23.40831000   7.931438000
36    10.56305000  12.544680000
37    20.14157000  11.117890000
38    -1.87126500   8.608850000
39    29.30237000  14.021760000
40    18.65383000  17.216720000
41    -2.97218800   6.370999000
42    10.32313000  12.115740000
43    16.90539000  -1.355044000
44     6.75371000  12.027970000
45    23.94777000  13.350470000
46     6.88351300   6.188563000
47    -1.24154200  10.081790000
48    20.50827000  -1.578870000
49    -3.75683000   1.608510000
50    17.91760000  13.098960000
51     2.00253700  -0.656524000
52    10.77680000  15.533600000
53    24.15819000   5.330366000
54     0.32687270   7.288787000
55    21.64777000  14.005060000
56     6.87141700  21.519980000
57    15.14264000   5.111947000
58    11.54712000   4.757560000
59     0.66116760 -10.142630000
60   -13.66531000  16.939030000
61    24.90937000 -10.820380000
62    -4.53022000  -6.173767000
63     3.16367700   8.051481000
64     1.49517200  -7.261601000
65     7.09763700   2.105751000
66     3.50948300  24.584870000
67    12.99879000  24.912480000
68     0.35938240   6.387915000
69    14.35429000  -2.252421000
70     3.83120800  -2.000873000
71    31.40462000  26.772090000
72    -5.50109700  13.391280000
73    -1.04476000   5.955898000
74     4.40901300   9.323681000
75     2.91720100  16.539990000
76     7.26595400  10.647940000
77    10.32038000  13.368570000
78     9.35213000  10.424270000
79     6.64853200  11.075350000
80    -1.92230600   4.888493000
81     7.22604000  13.029480000
82     8.32728800   8.540999000
83    17.69046000  21.595550000
84    16.58353000  18.161150000
85    12.35425000  31.967080000
86     2.47113800   5.482761000
87    18.49250000  29.424210000
88    10.11960000   7.162078000
89    20.40245000   3.943319000
90    12.71589000   4.531656000
91    24.35859000  -4.064400000
92    21.74312000  15.908870000
93    12.27208000  -9.612116000
94    18.29681000  22.385630000
95     3.53095700   8.673297000
96     5.02604200  36.037670000
97    -0.86330090  -7.586249000
98    26.83892000  13.137130000
99    19.11999000   7.209715000
100   -0.88416370  27.152540000
101   -5.19152900  29.656120000
102    9.79609500  15.435980000
103   11.66314000  10.634280000
104    9.92519900  26.803640000
105   33.90998000  15.026520000
106    9.57004000   9.248100000
107  -16.26530000  13.900240000
108   15.10579000   3.350049000
109   -4.18650400   7.964410000
110   12.54816000  32.518670000
111   -7.73346900   9.634491000
112   18.91337000  15.741400000
113   -1.05002200  -4.003455000
114   -6.89476500   1.041802000
115   23.05031000 -12.769340000
116   25.96073000  11.445220000
117    7.95079500   6.811407000
118   -3.66951700  -4.329696000
119   10.52266000  23.356100000
120   26.29452000  10.518060000
121   12.42904000  23.156630000
122    0.11702390  24.652740000
123   -1.04002300   1.629857000
124   11.16266000   9.020100000
125   13.61452000   0.883218800
126    8.02804500  14.829660000
127   20.40253000  22.047200000
128    8.81802800  18.904240000
129   -0.31631530  21.406010000
130    7.19019300   9.139620000
131   -0.47114740  -8.290950000
132   16.65460000  -1.519889000
133   10.51711000  -5.018592000
134   17.96306000  14.467130000
135   -1.31553500  11.602700000
136    5.11372800   3.961434000
137   32.25842000  -2.712702000
138  -10.59094000  15.402920000
139   21.60892000  17.750020000
140   11.31144000   1.031762000
141   11.30595000   3.068958000
142   15.51137000   8.943091000
143   15.37201000  18.179220000
144    3.77755000  13.334190000
145   17.27989000  13.977980000
146   -3.34973400  26.659900000
147   15.72571000   6.373983000
148   25.50999000  15.158370000
149   16.68281000  18.959370000
150   -4.73469400  24.095680000
151   25.08795000  19.693760000
152    7.03836400  10.666700000
153    4.52121400  -6.635304000
154    6.45450900  13.662720000
155    5.32254100  22.385500000
156    0.63165290  19.794140000
157   -5.66913200  11.325110000
158    9.84380600  -4.695499000
159   15.39168000  14.145270000
160    1.28958100  10.099480000
161   17.10334000   6.207793000
162   17.13273000   6.609228000
163    9.70176000  12.334970000
164   18.80351000  -3.160759000
165    6.08478000   4.689186000
166   -6.02519200  26.612580000
167    4.23760300   7.315439000
168   16.82231000   8.133560000
169   -4.76882900  28.658190000
170    0.50614160   4.946298000
171   12.57349000  10.414940000
172   16.35374000   6.874306000
173    0.10097440   2.590253000
174   13.67556000 -12.729590000
175    2.47736200   8.420260000
176   14.99279000  15.163930000
177   29.71711000  15.628740000
178   17.48491000   3.382300000
179   13.45815000  -4.137640000
180    2.20720000  -1.554494000
181   23.05134000  24.394910000
182   32.74222000  25.566410000
183   15.56297000  24.942620000
184    8.13265100   8.998712000
185    0.45808660  -9.891244000
186   -9.16429400   5.029294000
187   -3.03170900  20.233460000
188   12.12393000  15.103000000
189   19.95281000  29.149820000
190   13.00477000  27.230930000
191   10.43990000  25.774100000
192    0.35172400  12.222200000
193   10.37312000   6.863773000
194   17.95419000   4.455694000
195   21.06292000   3.607867000
196    6.06968600   9.325338000
197   14.00808000  11.522500000
198   -1.77779200  14.621080000
199    0.75257030  -7.381838000
200   -2.32954700   5.070321000
201    1.77457000   6.278572000
202   10.69576000  16.305710000
203   18.11151000  34.124220000
204    0.24177660  27.046430000
205   -0.42023550   4.105829000
206   15.41425000  14.782570000
207    8.46355600  23.048950000
208   12.03072000  17.411570000
209   18.68731000   6.949079000
210    6.36935500   5.700326000
211   21.82924000   5.564074000
212    7.61541000  -5.024377000
213    5.82325200  18.402790000
214   22.35203000   8.526174000
215    6.43461600  21.169740000
216    0.55609460  -4.866076000
217    6.73706200 -11.733100000
218   -1.39267700  14.645430000
219    4.93513600  24.868090000
220   20.35508000  26.981240000
221    8.62466700  10.671740000
222   16.31749000  11.640830000
223    9.01487500  14.422460000
224   17.59833000  26.660230000
225    2.63664900  24.047820000
226   13.82606000  16.271590000
227   10.39783000   3.804893000
228   -6.27359000   3.878999000
229  -11.88057000   0.178802400
230   21.02048000   9.690716000
231   18.25632000  16.941270000
232   24.96351000  -1.158215000
233   10.13696000   6.446662000
234    3.50906600  16.554140000
235    2.40992100  -0.344518800
236   16.08430000   7.562616000
237    5.98702500   7.456533000
238   12.63902000  14.350810000
239    7.39253500  22.613040000
240   10.37212000  -1.258270000
241  -19.01791000   0.650730400
242    3.03081700   4.580993000
243   34.03030000  -3.716423000
244   -5.84347600  13.791370000
245   36.95611000  -1.245269000
246   -0.18840900  -1.866530000
247   17.28285000   1.558553000
248    8.92040000  29.194550000
249   -5.87355600   6.456733000
250   17.76259000  24.022930000
251   12.49482000  22.470670000
252   12.60870000   3.212588000
253    3.60659900  14.247890000
254   20.48342000  13.745310000
255   31.64230000  13.046850000
256    4.74589800   7.317133000
257   -5.29547800   6.001008000
258    7.23830700  19.986310000
259    6.14459900  19.910340000
260    9.83783500   8.336385000
261   18.64695000   5.146764000
262   -0.56386280   9.673976000
263    5.21368000  21.831430000
264   -0.19938780   9.176207000
265   22.42831000   8.390862000
266   19.39561000  -7.412824000
267   31.28428000   4.131464000
268    8.38088800   0.264759400
269    7.84069000  13.200620000
270   23.85992000   6.171501000
271    6.18866100  24.926380000
272   18.08387000  19.742080000
273   14.23096000  12.438150000
274   14.48070000   8.661634000
275   30.91987000  17.577550000
276    4.11705100   3.299065000
277   18.10072000   9.572447000
278   -3.77701900   1.115207000
279   18.47156000   8.861407000
280   30.69195000  21.913200000
281    1.83868700  13.176500000
282   14.22135000  16.961630000
283   27.70961000  10.525750000
284    9.95613500   7.890054000
285   11.72730000  14.000860000
286    2.15448200  14.163470000
287   -0.21204340   1.330881000
288   -1.73898300  16.984900000
289    2.29907500  -0.293425800
290   22.01149000  -0.446946400
291    4.27524100  16.673830000
292   19.38943000   4.436821000
293    8.80722000  13.238230000
294   -0.76581790  -4.004811000
295   12.69128000  13.529160000
296   12.73131000   7.050802000
297    8.38822200  23.453470000
298   23.42708000   4.598641000
299    4.04610400   7.634936000
300    7.66702500   3.193633000
301   22.60801000   5.130320000
302   14.74391000  28.767330000
303   20.53201000   8.015650000
304   16.46037000  16.815310000
305   12.70669000  11.482140000
306   -1.47405900   3.329562000
307   35.04961000  14.448400000
308    2.52917700  15.567210000
309   28.99610000 -15.578340000
310   10.57878000   6.307686000
311    5.52815000  14.124270000
312   12.48016000   2.728922000
313   18.10028000   3.891689000
314   11.17125000  11.100630000
315   14.58538000  25.992130000
316   27.21567000  -1.980637000
317   -1.40271000  22.375500000
318  -14.66871000   9.792318000
319   28.25157000  14.285070000
320    2.68875600   3.029997000
321    9.58344000  12.005060000
322    3.65772000   1.649871000
323    3.57570500  14.802410000
324   34.62557000   4.384648000
325   36.12292000  12.058490000
326   12.56065000  -4.733039000
327   37.48364000  34.128080000
328    1.91527400  22.280560000
329   18.14029000   3.569117000
330   -1.21498100  -3.318584000
331    7.64643400  29.922590000
332   -2.84450900  13.711180000
333   14.62733000  16.493300000
334   -0.37426950  15.064950000
335   10.15795000  13.336120000
336   19.45740000  11.293070000
337   -6.23644000   9.581524000
338    0.28706380   6.756246000
339    7.02538700   8.299629000
340    6.20540500  29.419310000
341   12.37304000   4.152157000
342   -8.00196400  15.628430000
343    9.87950400  13.943650000
344   12.83222000  20.983750000
345   10.71142000  18.593330000
346   10.09704000   9.915216000
347   17.89963000   6.451302000
348   -6.72068600  14.993670000
349    3.71273400   7.361372000
350  -16.22395000  17.817850000
351    8.71418000  24.101220000
352   17.05254000   5.227864000
353  -14.69171000  31.799870000
354    7.94341600  10.268030000
355   14.00498000  21.547210000
356   -1.30287100   2.063343000
357   -0.76247720   7.001412000
358   21.54626000  21.134780000
359    1.23272600  12.782340000
360    1.60279100   2.210584000
361   -6.67934400  12.619190000
362   -6.89254000   2.942795000
363   12.32427000  22.682940000
364   21.02468000  26.137880000
365    6.44312400  -3.984948000
366   22.39199000  13.589070000
367   18.06598000   2.753522000
368    8.13696100  22.734040000
369   13.14208000  24.212350000
370   11.51451000  15.922280000
371   -2.50560500  15.307410000
372    3.29959000  13.248400000
373   -4.79521900   1.215830000
374   29.08478000  10.301370000
375    5.12492000   4.627426000
376   17.06078000   9.965354000
377   -0.34082500  11.859590000
378   15.29532000   9.076950000
379    6.39995000  23.046720000
380   14.52243000  17.693360000
381   28.85673000   4.007334000
382   10.77192000   5.787269000
383    7.42864500  15.777050000
384   -6.63765100  14.047110000
385   17.08812000   8.223101000
386   15.07757000 -13.689430000
387  -22.15215000   9.511638000
388    5.04531000   1.784843000
389   -2.52179200  -7.603830000
390   32.85505000   0.321004100
391    6.07075900   5.579687000
392    3.50881400  -3.738329000
393    9.81884300   2.407706000
394   11.93353000  18.784670000
395    2.85005800  -4.314890000
396    5.20408000   6.957638000
397   13.56349000   9.160740000
398    2.63117500   5.677225000
399    6.51799400  -0.974309000
400   15.80081000  19.642330000
401   14.07388000  -1.577052000
402   -3.88838800   0.406288200
403   18.69151000  10.061340000
404   21.09120000  26.459510000
405    2.45929200   6.838326000
406    6.51319200  -0.724331700
407   24.30630000  14.397510000
408   13.94559000   0.758120900
409   -2.66470700  -6.369480000
410    8.10624600   0.492008500
411   17.07317000  25.841980000
412    6.04943300  22.929620000
413   23.94025000  27.279810000
414   -7.40130800  -3.555808000
415    2.92675500  22.416980000
416   -2.77431100 -21.360680000
417   -3.09462400  16.603750000
418   15.66338000  18.608180000
419   22.36940000  20.297010000
420   -0.98401300  23.246100000
421   28.63485000   4.797180000
422   21.88014000  12.667410000
423   -3.62150600   4.750143000
424   12.52111000   8.464080000
425  -22.49599000   0.139291600
426   17.33361000   3.268888000
427   -6.88401100  -1.824905000
428   10.21154000  24.452110000
429   12.14809000  12.065760000
430   -1.92486700  -0.136134400
431   21.60187000  10.233030000
432   15.66342000  13.893720000
433   15.02120000   9.187742000
434   13.60186000  16.886550000
435    4.55410500  37.176320000
436   12.56063000   7.900061000
437  -11.53464000  11.639520000
438   24.58798000   1.860825000
439   -8.38190900  14.354070000
440   -6.11426500   7.363373000
441   -5.19861000  12.786760000
442   21.17985000  10.369810000
443    6.73499500  23.199330000
444   10.19698000  15.431110000
445   12.04076000  17.236490000
446   25.86829000   2.396404000
447   -5.33504400   7.578044000
448    9.82422800   6.069330000
449   14.24967000  27.393510000
450    5.55339100  13.306260000
451    9.22488400  -2.702723000
452   16.72743000  15.952370000
453   13.19714000  14.475180000
454   13.47672000  -4.123874000
455    6.28349000  11.550910000
456   15.38618000  -8.226192000
457   10.96815000   9.922543000
458   14.39250000   3.203174000
459   22.91966000  20.666880000
460   12.99420000  15.348600000
461   24.38812000  18.263950000
462   -9.46783200   0.643459300
463   -5.98894700  22.670490000
464   -1.76661900  18.508180000
465   -2.99720900  15.362090000
466   -2.98058600  14.541870000
467   19.18525000  12.055870000
468   18.62052000  -6.348775000
469    4.54183100   3.586799000
470    2.02983200  35.523950000
471   18.08133000   6.853875000
472   16.55184000  29.259780000
473   20.81487000   0.204133800
474    4.77324100  11.550610000
475   17.54123000  24.489170000
476   11.23200000  27.956590000
477   19.88413000   3.373490000
478   -3.51182900   6.036160000
479   19.83789000   5.660164000
480   21.58110000   2.308901000
481   12.77548000  11.261710000
482   -3.64038600  -8.611116000
483   22.19390000  13.675070000
484   24.52809000   3.520373000
485   -2.05568200  19.063500000
486   22.10497000  10.322310000
487   11.01341000  25.311040000
488   19.34416000  17.969070000
489   -3.01134800  22.654030000
490    4.86415200  -1.246120000
491  -12.93381000   4.052313000
492   -3.22504200   2.066012000
493   27.51631000   9.726160000
494   15.95689000   0.290233600
495    5.76395500  18.514030000
496   24.53113000  23.726830000
497   12.13776000  -1.241701000
498   -6.74227600  10.888800000
499    1.71273200  14.684230000
500    4.11434500  23.436940000
501   24.57423000  17.209250000
502   12.09148000  -2.061826000
503    6.38009500  19.504010000
504   15.48810000  21.719080000
505    3.57273100  -3.078149000
506   26.35669000  20.472120000
507   14.78471000  23.345860000
508   -1.27927900   0.933004200
509    0.01129247   8.008012000
510    5.98476800   1.961941000
511    8.85857200  17.184720000
512   19.37649000   2.122504000
513    9.10579000  19.511550000
514    9.64345300   6.241649000
515   -3.10917400  18.918630000
516   10.54100000  -3.394954000
517    4.57332500  11.782970000
518   22.98676000  10.073590000
519  -10.77961000  14.082710000
520    5.63292000  18.089590000
521    5.78255700  12.321680000
522   27.19030000  10.582440000
523    8.92082000  30.341880000
524   -1.78104700  10.987730000
525   -0.72749960  -7.879213000
526   23.33998000  16.666430000
527   16.00585000   1.374964000
528   22.97108000  15.717200000
529    8.99378500  -9.014578000
530    8.24977400  -2.679776000
531    5.36868800  12.605160000
532   25.45515000  22.222580000
533   16.10149000  11.385470000
534   25.94230000   5.396589000
535   13.96851000  23.807300000
536    1.05977300   2.482886000
537   11.19896000  27.349230000
538   10.01848000  12.379000000
539   -5.96401700  14.309570000
540   14.69272000  13.940270000
541    5.16222600  -3.949188000
542   16.13654000   2.491281000
543   -8.42748700  17.285690000
544   17.46026000  23.529850000
545    4.83978700   2.035094000
546   24.78075000   8.787683000
547    3.28531000  -2.704306000
548    1.31718400  13.352890000
549    5.00064700  13.505620000
550   -2.90271700   2.240290000
551   12.86082000  12.729260000
552    6.36985800  11.566530000
553    5.91316000  24.229810000
554   -4.09875700  -5.008349000
555   -0.76259450  18.579800000
556   15.58506000  11.273190000
557    5.40319600  11.220430000
558   -1.12466700  31.281720000
559    6.12058900  10.168240000
560    6.07585000  31.160290000
561   -8.39990900   8.830895000
562   36.17882000 -22.177600000
563    2.19929700  12.845480000
564    8.84536400  21.625960000
565  -14.18104000   1.871214000
566   34.64086000  11.649930000
567   -0.76966950   8.424690000
568   -6.12447000  23.054650000
569  -14.65142000  10.969500000
570   11.58703000  14.496580000
571    0.82045010  10.623220000
572   28.50490000  10.303360000
573   -8.36784000   4.386019000
574   32.45148000   7.488423000
575    6.73356800  18.124970000
576   10.64451000  16.768560000
577    3.21932400  19.570190000
578   10.74578000  27.003780000
579    4.20771700   2.851358000
580   13.87413000  13.780150000
581  -10.31962000  15.460540000
582   11.65267000   1.743130000
583   25.78439000   2.961885000
584   12.48763000  18.156280000
585    7.27605600  14.082580000
586    9.18828600  18.244870000
587    7.06613600  17.039440000
588    2.46203400   7.644942000
589   12.10048000  15.328020000
590   -0.53119900  13.145340000
591   10.19152000   5.414252000
592    8.34839000  17.093590000
593   -7.40930400  15.464200000
594   15.99423000  13.512880000
595   -6.60886500  -0.939307400
596   13.86558000   6.094001000
597   24.64994000   6.494246000
598   20.51858000  17.595080000
599   11.26143000   2.013683000
600    5.03486800   7.499159000
601    1.19408000  23.507540000
602   13.19178000  12.763630000
603    9.72827300  11.807160000
604   13.93320000  15.747200000
605   18.43648000  12.182530000
606   12.60749000  32.622500000
607    6.42905100   1.972634000
608   12.33216000 -14.739580000
609   17.02514000   8.819268000
610   39.89024000  23.996870000
611   20.98933000  17.296350000
612   11.65338000  -5.657587000
613   15.09138000  25.026620000
614   11.22707000  -8.075131000
615   10.76558000  -4.988425000
616    3.91086800  18.411930000
617    9.76955500  15.268710000
618   12.98944000   5.868339000
619   15.62113000   6.474136000
620   10.13399000  -2.499796000
621    1.27228000   6.644602000
622   28.93972000   2.331538000
623  -10.50514000  20.750970000
624    0.22429240  22.164200000
625   23.20978000  11.409630000
626   17.61025000   1.974165000
627    7.37956000  -5.537147000
628   10.10124000   5.680655000
629   18.15361000   9.892188000
630   21.83601000  26.091150000
631   19.94091000  14.921460000
632   -1.47513500   8.282780000
633   -7.94303100  -3.830219000
634   11.30458000   8.819062000
635   20.76430000   6.118451000
636   12.46828000   7.275093000
637   16.64017000   1.672324000
638  -11.45466000   7.741682000
639    7.89175500  -8.190833000
640    5.29503000  24.111160000
641    6.69505200  20.870400000
642    5.53626800  15.659210000
643   -1.78614700  18.384710000
644   10.10925000  19.378120000
645   12.36446000  25.654430000
646   24.26076000   6.211672000
647   -2.91337400  -0.534563400
648   19.30486000  14.990810000
649   -7.13408300  -5.318560000
650    6.65812800  -0.820712600
651   13.56779000   3.181591000
652    9.16515700  12.444680000
653   16.57652000  19.440450000
654   13.04035000  25.823050000
655   12.10189000  -7.604383000
656    3.82095600   7.389069000
657   10.48589000  11.974920000
658   15.89318000  17.604140000
659    4.46537200  18.839290000
660    6.58334500  25.999120000
661   -3.65756600   8.821053000
662    9.94054600 -12.207430000
663   28.13562000  -7.671818000
664    7.35146300   3.724133000
665   25.14936000   4.756451000
666   -6.34752400  11.700470000
667    8.46981600   1.854826000
668   15.92270000  21.054490000
669   13.16243000  22.884950000
670    6.61163000   7.602462000
671   14.55212000  -1.466516000
672    5.98436400   2.761451000
673   -2.99074700  18.679750000
674   10.47763000  13.960400000
675   15.70686000   3.711452000
676   31.10299000   3.897385000
677   -0.26828480  14.073920000
678   15.77137000   3.525233000
679   -4.96197400  27.054190000
680   10.78593000   2.022093000
681   18.06710000  31.107900000
682    7.00719700  16.157080000
683    5.32458300  16.398020000
684   25.69982000   3.056635000
685   20.72000000  23.589260000
686    2.09015100   9.112130000
687   14.57106000  -6.990855000
688   15.51143000  -5.554229000
689   25.34928000  25.962640000
690   -2.52371600   6.682418000
691   -0.24467060  -0.727190900
692   -3.78722700   2.679385000
693    4.14691900  13.849540000
694    3.62978700  -4.122870000
695   27.08326000  19.225610000
696    9.19467500  18.396700000
697   12.34312000   2.642345000
698    7.80815400   4.437537000
699   11.60988000   7.291999000
700    5.98949700   8.107000000
701    4.25995200   9.585877000
702   16.38846000  16.908530000
703    5.56845700   7.260552000
704   22.81370000   7.456842000
705   14.04878000  15.927400000
706    3.02708400   7.603090000
707   18.73794000   0.024787780
708   28.05616000  31.567790000
709   -0.39636380  -3.104964000
710   -1.19962600  12.690420000
711    0.72707340   2.261890000
712   27.09159000  15.824790000
713    8.93656400   4.499611000
714   18.23345000  15.642620000
715   -0.42921800   2.211029000
716   15.66070000  19.989720000
717   14.23374000  15.762710000
718    5.82982200  10.344680000
719    4.23091500   1.735521000
720   12.19179000  15.038550000
721    5.10317500   3.641850000
722    7.08866000   6.265700000
723    0.01341287  14.393950000
724   16.07051000  12.183710000
725   31.60290000   8.552970000
726  -14.94727000  16.596900000
727   38.04340000   2.138592000
728   24.30645000   7.067761000
729   29.12768000   5.911166000
730    2.73429900   9.551941000
731    5.49097400  15.109880000
732   25.76946000   3.324707000
733   15.67774000  28.046550000
734   27.45951000   4.004603000
735    6.71577000  17.919050000
736    4.45301200   4.265516000
737   21.77856000  12.285970000
738   12.70900000  12.255820000
739    6.46002700   2.503197000
740   -8.20778600  27.729110000
741    9.91443300  14.120100000
742   14.48534000   4.178134000
743   15.60438000   1.943120000
744   -1.80936800   9.662800000
745   16.42695000  -3.171427000
746    6.08425300  10.333770000
747    8.62729400  -2.307430000
748   14.28665000   3.929615000
749  -11.54532000 -20.018880000
750    5.57577200  10.673740000
751   -2.53705800  10.258530000
752   20.09051000   9.338720000
753   -8.85235000  13.480510000
754    4.20941700  17.801070000
755   10.57944000  13.805240000
756    1.86462000  11.398240000
757   10.84852000  18.485340000
758   -0.77033590  24.880740000
759   14.36989000  10.341500000
760    1.48943700  -4.196310000
761   26.44959000   3.562471000
762   -4.26678900   3.653826000
763    8.97683600  18.403930000
764   20.77485000  13.182470000
765   27.63714000  19.139110000
766   16.29336000   8.550992000
767   16.87829000  14.832760000
768   16.82551000   9.976617000
769    5.16535100   6.985600000
770   50.97437000  19.260070000
771   -0.12168370  14.117770000
772   -8.03216500  11.651950000
773   -0.77119080   9.478467000
774    7.82227800   4.635630000
775   -2.54269300  31.299460000
776   12.41543000  10.056570000
777   10.44706000   6.147121000
778   10.02766000  15.330330000
779   15.52898000   5.241399000
780    9.74757500  11.990290000
781   19.98159000  14.541600000
782   18.36432000  -4.593780000
783   13.22721000   7.873434000
784   -0.55687690   6.233604000
785    7.47601100  16.644470000
786   -2.54106100  16.414520000
787   14.30498000  11.848880000
788    3.96735700  20.728750000
789    0.22716430  29.084830000
790   11.57322000  14.535100000
791    2.31877100  19.858690000
792    1.74814200  10.938590000
793   17.78253000   4.558752000
794   -4.29022500   4.425946000
795   16.53104000   4.671925000
796    7.54608800  10.278940000
797   13.15203000   8.540096000
798    0.53047460  18.334610000
799   21.35885000  27.100330000
800   -0.52749800  17.296810000
801   12.94586000  12.236830000
802   20.56008000  -0.527743300
803    0.36914100  -4.908590000
804   10.88581000  -2.084885000
805    1.04785300  14.662500000
806   17.28469000   1.177940000
807    8.22451400  18.212650000
808   18.79663000   1.558912000
809    2.29462900  11.462640000
810   13.16382000  15.708060000
811   11.96874000  22.318440000
812   18.14680000   1.836594000
813    6.30985000  10.423700000
814   12.49809000  13.023430000
815    6.25429400  28.356860000
816   20.57987000  19.258470000
817   -0.67586600   6.132365000
818   -2.52902000  29.848770000
819    2.53112900  31.624390000
820   16.98884000  14.579230000
821    2.59983400  20.394530000
822    6.32638200   0.826507000
823   13.89710000   7.505790000
824   -5.49348700  19.435790000
825   21.96003000  24.610820000
826    7.30366700   2.841022000
827   22.35765000   1.493998000
828    2.10491800   5.705926000
829   26.18462000  -9.626670000
830   20.80766000  10.346030000
831   10.57028000  34.398650000
832   -7.88056300  13.956590000
833    6.53468100  16.059140000
834    6.42118900  22.408200000
835    2.53632900   2.955975000
836   17.02943000  29.768240000
837   -0.48623410  12.236790000
838    1.18836400   8.102704000
839   -3.90695700   5.578883000
840    5.44187300   5.874897000
841   18.66013000  -4.470882000
842   13.33514000   3.557717000
843   24.12527000  18.525470000
844   12.98691000  17.434390000
845   13.35877000   9.173119000
846   13.41857000  -0.076191250
847    5.22435600  22.719930000
848   10.34212000  16.271030000
849   -0.36937040  11.256660000
850   12.91639000  31.993530000
851    0.90901810  24.918490000
852   -1.40927200   9.203924000
853   -4.36597700  16.916610000
854   10.25595000  22.352620000
855   12.43669000  10.237680000
856   -1.17045600  15.728020000
857   -6.22960100  23.020260000
858    9.66363300  25.294180000
859    9.05127000  12.582270000
860    0.87671060  20.081310000
861    4.49293400  16.617640000
862   15.53079000  10.372150000
863    0.78984800  22.085010000
864   15.88278000  10.702600000
865   15.65385000   1.855822000
866    7.00604900   1.034778000
867   18.06041000  -0.409985900
868   19.50145000  22.846720000
869   14.34475000  -0.553632800
870    6.58449200  24.958150000
871    0.72170600  16.453600000
872    8.03484200   9.826132000
873   22.07318000  10.319590000
874    8.20879000  16.102610000
875   -0.65402850   7.418590000
876   33.90343000   3.274898000
877   15.55832000  13.552920000
878    7.38787800  15.867860000
879    5.05122500  16.534370000
880    5.22968700  18.391760000
881    9.33995400   9.981995000
882   14.02917000   2.419370000
883    3.08454500  30.352930000
884   -9.02223400   3.566726000
885    8.18790200  10.074350000
886    4.38992600  10.116960000
887   17.49107000   9.631412000
888   25.94192000   6.535813000
889   14.06103000   2.905847000
890    4.65805500  -5.764765000
891   19.84404000  19.127290000
892   15.56143000   9.623530000
893    7.17825600  14.855660000
894   22.64227000   4.816970000
895   -7.80428800  -1.111585000
896   -5.11890600   7.387376000
897    6.15276400  14.225170000
898    8.55185700  24.935990000
899    3.13436900  -6.632367000
900   -1.16489300  18.863060000
901   48.19050000  56.006670000
902   48.32863000  76.094400000
903   31.44145000  62.667120000
904   37.60916000  64.754920000
905   52.68577000  71.536090000
906   48.72300000  83.293840000
907   31.85518000  59.354380000
908   55.55334000  57.319560000
909   29.06337000  49.349920000
910   50.45302000  78.014160000
911   33.54290000  51.277970000
912   45.11086000  46.345570000
913   43.73054000  67.138460000
914   55.90229000  44.413550000
915   35.51136000  63.022390000
916   36.66438000  60.001770000
917   39.22292000  42.767950000
918   25.76358000  72.076900000
919   42.31278000  66.040350000
920   46.66542000  58.454050000
921   57.76221000  50.799960000
922   53.64062000  53.194390000
923   55.59307000  72.582090000
924   34.63820000  62.938180000
925   68.81378000  49.409140000
926   38.22668000  55.082120000
927   42.41835000  73.777970000
928   44.42384000  52.049900000
929   32.44594000  52.464740000
930   43.85302000  49.005940000
931   52.93561000  51.527070000
932   46.05927000  70.189950000
933   44.43309000  58.964500000
934   53.32470000  66.995650000
935   54.93488000  52.030300000
936   44.00335000  60.172500000
937   38.54234000  53.115630000
938   26.89144000  60.176930000
939   27.22742000  47.074730000
940   24.60301000  58.446530000
941   45.18391000  69.457720000
942   35.58807000  73.174080000
943   28.12908000  44.062830000
944   39.83815000  48.703880000
945   40.05444000  79.052270000
946   54.45572000  49.344880000
947   58.99003000  59.518090000
948   47.31255000  47.801240000
949   46.05767000  70.081610000
950   51.18620000  60.577830000
951   58.01157000  62.877270000
952   31.05124000  61.885550000
953   32.63545000  43.245680000
954   59.21907000  75.164530000
955   40.66540000  81.797570000
956   35.82676000  67.833980000
957   49.35519000  75.293190000
958   57.81302000  55.618630000
959   36.07083000  51.269970000
960   33.88886000  48.836940000
961   38.75301000  68.915960000
962   44.30184000  53.376540000
963   43.40867000  62.640910000
964   36.25078000  46.248870000
965   35.66046000  40.161790000
966   44.18860000  74.181320000
967   42.35297000  68.869380000
968   59.72761000  71.648680000
969   41.77420000  74.691920000
970   39.48583000  58.300320000
971   46.18587000  49.025190000
972   32.89160000  50.171330000
973   31.03531000  72.253200000
974   47.26110000  67.142700000
975   43.63065000  63.047660000
976   43.20379000  57.586940000
977   34.45682000  54.823360000
978   36.08501000  68.000590000
979   55.93224000  63.077340000
980   30.01013000  67.803400000
981   40.17444000  50.233190000
982   40.51248000  61.160690000
983   44.84228000  59.171430000
984   44.95826000  65.097720000
985   49.34734000  52.566880000
986   24.18327000  63.487120000
987   41.57294000  48.414520000
988   36.97141000  65.023280000
989   39.83944000  49.224760000
990   39.42764000  46.072490000
991   33.85577000  58.860900000
992   32.44452000  46.980450000
993   35.12357000  78.569730000
994   36.99186000  63.627530000
995   44.04283000  69.947570000
996   47.66477000  59.804070000
997   46.35990000  59.659520000
998   71.56261000  53.915340000
999   28.92869000  46.330520000
1000  47.19929000  41.395690000
1001  48.15507000  83.985810000
1002  48.44770000  54.651740000
1003  35.18339000  68.198360000
1004  52.26128000  50.640560000
1005  35.77592000  62.372140000
1006  43.37792000  60.652640000
1007  40.40879000  53.212940000
1008  46.39126000  64.800020000
1009  61.87996000  62.793500000
1010  18.99094000  54.794620000
1011  35.54591000  64.344360000
1012  50.37548000  68.055910000
1013  54.54673000  60.989130000
1014  44.13707000  53.407060000
1015  45.55372000  70.630250000
1016  45.68042000  41.993700000
1017  55.04569000  48.467280000
1018  37.81383000  42.245330000
1019  33.56491000  78.109930000
1020  19.26990000  67.185150000
1021  37.28481000  37.791980000
1022  39.77556000  44.832490000
1023  35.46314000  70.306310000
1024  40.41439000  65.258050000
1025  26.71350000  60.609580000
1026  40.50345000  57.222310000
1027  29.83138000  55.353260000
1028  40.04233000  60.386920000
1029  40.95189000  51.606900000
1030  51.68887000  52.471760000
1031  24.69499000  50.505010000
1032  62.78684000  55.417280000
1033  21.08624000  48.070320000
1034  22.02050000  45.012940000
1035  41.01136000  45.208480000
1036  41.47629000  49.698750000
1037  43.15526000  69.961870000
1038  29.06922000  31.398120000
1039  33.97264000  58.312800000
1040  35.58473000  46.376670000
1041  31.52146000  61.449910000
1042  38.50949000  54.934800000
1043  48.51959000  45.166500000
1044  51.80655000  48.922630000
1045  59.93333000  41.366040000
1046  37.52437000  65.414360000
1047  41.38512000  58.373400000
1048  59.89985000  45.380200000
1049  46.32288000  49.542360000
1050  45.69158000  60.925930000
1051  36.79516000  78.203910000
1052  30.70871000  70.330360000
1053  51.97064000  80.703230000
1054  50.47091000  64.886700000
1055  52.55752000  66.858350000
1056  38.02080000  75.947030000
1057  47.81833000  58.654390000
1058  45.85127000  67.852520000
1059  51.34424000  68.263020000
1060  37.33317000  67.982470000
1061  45.61133000  63.206190000
1062  31.50764000  65.711720000
1063  28.51895000  73.797010000
1064  50.74807000  53.576380000
1065  39.53701000  69.938320000
1066  49.56372000  68.685800000
1067  57.41644000  42.795950000
1068  35.55559000  58.523470000
1069  42.96314000  37.975480000
1070  41.98642000  55.809810000
1071  32.55532000  46.442570000
1072  32.34528000  60.575060000
1073  24.44857000  51.366180000
1074  39.53357000  64.530820000
1075  28.80983000  55.804260000
1076  39.83018000  55.041550000
1077  39.42011000  44.532160000
1078  42.75812000  66.428260000
1079  23.17606000  56.867040000
1080  25.55901000  68.724100000
1081  18.26403000  40.023270000
1082  30.70777000  63.310140000
1083  49.43437000  79.626050000
1084  41.15351000  60.283760000
1085  36.17541000  65.567980000
1086  44.08116000  51.844470000
1087  43.27453000  68.855710000
1088  49.39423000  60.628980000
1089  50.53357000  46.033070000
1090  42.95269000  71.277000000
1091  30.57404000  76.277720000
1092  35.20991000  69.407980000
1093  39.54690000  58.253960000
1094  40.54202000  68.293260000
1095  42.14727000  63.224000000
1096  39.30898000  55.780190000
1097  50.05859000  57.093420000
1098  43.67538000  63.217230000
1099  39.79353000  43.738090000
1100  43.44539000  50.196950000
1101  41.67813000  55.289620000
1102  48.59400000  69.645890000
1103  38.46082000  61.084160000
1104  53.26524000  63.820180000
1105  49.05170000  66.499950000
1106  39.31737000  67.486040000
1107  41.24618000  49.476540000
1108  37.88715000  59.916470000
1109  41.14622000  63.446990000
1110  32.52164000  73.235340000
1111  41.10812000  44.681840000
1112  25.34895000  55.251410000
1113  41.96610000  60.388960000
1114  40.65187000  61.112290000
1115  31.38396000  66.525000000
1116  59.78578000  38.491330000
1117  31.33990000  63.090480000
1118  40.92554000  60.437710000
1119  29.67727000  66.380730000
1120  32.59683000  33.867090000
1121  20.88727000  56.187530000
1122  37.84470000  51.013210000
1123  40.57783000  69.064880000
1124  59.67326000  74.555620000
1125  36.68540000  50.436040000
1126  45.94000000  57.681760000
1127  64.98144000  79.712060000
1128  36.98331000  65.354630000
1129  45.67468000  55.151850000
1130  37.51643000  49.063530000
1131  51.32067000  56.633740000
1132  46.13968000  46.268120000
1133  46.30570000  50.079330000
1134  58.78482000  35.372840000
1135  24.40643000  58.873760000
1136  42.22782000  61.239680000
1137  19.33637000  69.783160000
1138  39.09501000  60.004540000
1139  31.54544000  56.185560000
1140  46.81052000  51.334830000
1141  37.31417000  60.647990000
1142  35.31276000  64.614620000
1143  47.03397000  66.327370000
1144  43.20051000  64.013850000
1145  57.78369000  73.309750000
1146  51.95346000  50.693200000
1147  37.04092000  60.518940000
1148  33.26079000  75.710450000
1149  45.94416000  71.499370000
1150  35.73385000  46.900100000
1151  40.76379000  67.687510000
1152  35.14554000  65.566300000
1153  35.66175000  56.800160000
1154  28.88317000  43.268030000
1155  31.27264000  66.329300000
1156  34.13748000  60.960880000
1157  47.33729000  68.169000000
1158  31.18816000  78.439630000
1159  37.92156000  63.114100000
1160  53.29400000  55.502620000
1161  61.38426000  59.912050000
1162  43.75808000  67.458120000
1163  38.92632000  43.120860000
1164  30.63075000  79.466950000
1165  28.52392000  59.144580000
1166  34.32430000  60.943470000
1167  24.54690000  64.802470000
1168  36.00817000  46.683870000
1169  21.60583000  46.626440000
1170  44.03259000  64.427780000
1171  33.99769000  56.551450000
1172  43.60366000  61.253460000
1173  46.92525000  54.086890000
1174  50.50127000  60.623610000
1175  53.49198000  41.078750000
1176  42.67635000  55.932460000
1177  27.99422000  53.681880000
1178  39.43207000  57.015660000
1179  26.77366000  63.055000000
1180  42.40971000  49.957290000
1181  36.22691000  57.212210000
1182  38.46163000  67.330740000
1183  43.78143000  65.923090000
1184  32.78291000  73.012380000
1185  34.33231000  60.317630000
1186  38.62762000  57.395580000
1187  40.80154000  39.943660000
1188  34.48720000  50.567930000
1189  37.28235000  51.464250000
1190  36.29004000  72.628750000
1191  27.32446000  51.975360000
1192  43.01795000  72.622180000
1193  30.62136000  49.739880000
1194  51.54357000  37.597800000
1195  54.47479000  52.035070000
1196  46.68370000  76.389640000
1197  36.40191000  55.508540000
1198  32.79919000  57.241320000
1199  63.01717000  51.677860000
1200  30.48439000  39.330470000
1201  36.67630000  87.271190000
1202  18.94383000  59.333270000
1203  43.45898000  51.929910000
1204  37.48009000  68.557870000
1205  45.79938000  71.733940000
1206  39.69381000  58.778970000
1207  43.60521000  51.594960000
1208  49.18213000  66.207210000
1209  25.83677000  47.102740000
1210  30.90342000  53.135810000
1211  40.20493000  60.967420000
1212  46.98463000  52.612810000
1213  39.37106000  46.290810000
1214  40.28100000  59.035830000
1215  40.44173000  47.781190000
1216  37.66053000  59.734060000
1217  38.11046000  44.896720000
1218  48.28450000  41.490090000
1219  49.29730000  63.161180000
1220  22.48131000  74.588990000
1221  52.90003000  58.662740000
1222  39.17110000  60.653030000
1223  46.23943000  65.030930000
1224  38.69597000  84.081480000
1225  40.79527000  49.754300000
1226  42.84691000  57.799110000
1227  65.71859000  53.459750000
1228  32.24807000  67.189620000
1229  37.50528000  72.152330000
1230  46.19626000  63.372280000
1231  46.93901000  50.999020000
1232  30.82879000  59.557660000
1233  53.35965000  52.761790000
1234  48.15439000  68.736720000
1235  33.21166000  38.879620000
1236  29.92048000  77.039390000
1237  37.64650000  56.994160000
1238  35.93540000  77.820790000
1239  47.70036000  64.474890000
1240  25.77065000  62.453830000
1241  41.92523000  57.762400000
1242  34.45473000  60.322530000
1243  30.77576000  52.581150000
1244  26.14364000  66.581510000
1245  47.21836000  51.680760000
1246  55.78841000  57.978790000
1247  43.29890000  56.979680000
1248  40.87212000  27.316160000
1249  49.88417000  32.452830000
1250  20.55912000  57.019870000
1251  25.06116000  44.758050000
1252  26.01595000  55.764110000
1253  37.25416000  65.310940000
1254  53.36999000  53.562380000
1255  38.84896000  56.975740000
1256  39.51915000  61.657690000
1257  37.02022000  69.507090000
1258  50.74908000  56.244770000
1259  35.70510000  58.495620000
1260  44.44394000  67.482450000
1261  54.81738000  61.413060000
1262  45.88216000  63.423760000
1263  39.53611000  65.041890000
1264  44.80203000  50.211860000
1265  29.91771000  71.563910000
1266  25.37846000  64.610150000
1267  41.21589000  64.277420000
1268  51.48426000  68.011000000
1269  59.85225000  60.616180000
1270  51.70456000  47.818190000
1271  47.91999000  46.158240000
1272  41.99199000  65.344920000
1273  53.38919000  71.597920000
1274  50.13654000  58.471330000
1275  43.55886000  50.078110000
1276  44.48821000  73.629160000
1277  27.92514000  67.883350000
1278  36.57076000  72.470420000
1279  35.29817000  65.075940000
1280  51.49970000  63.699560000
1281  49.04667000  65.280740000
1282  38.21852000  56.447990000
1283  35.58804000  44.724330000
1284  27.65341000  61.118800000
1285  41.22976000  53.651460000
1286  32.00885000  46.290290000
1287  46.49651000  55.931870000
1288  25.12809000  45.545610000
1289  31.50795000  35.048320000
1290  32.44100000  70.150260000
1291  50.46987000  56.496270000
1292  53.02414000  48.189630000
1293  46.28482000  64.750750000
1294  21.90914000  60.495580000
1295  38.16132000  56.997290000
1296  32.70623000  53.865080000
1297  30.58785000  74.078530000
1298  42.87658000  64.604890000
1299  41.16918000  50.857360000
1300  40.40650000  56.962680000
1301  27.98043000  54.999410000
1302  39.86144000  65.404180000
1303  44.06916000  58.017870000
1304  41.27358000  47.032710000
1305  29.50536000  50.076370000
1306  42.72526000  52.065940000
1307  55.88999000  57.753950000
1308  43.43729000  45.539890000
1309  45.21592000  56.235510000
1310  21.46886000  50.973310000
1311  40.81750000  63.635040000
1312  34.89724000  64.742540000
1313  38.82377000  54.306120000
1314  39.81253000  61.819600000
1315  42.25532000  62.650050000
1316  44.36548000  49.879880000
1317  31.58178000  55.539710000
1318  35.25133000  53.151570000
1319  50.77632000  74.221470000
1320  46.64062000  37.811220000
1321  50.71756000  53.065950000
1322  49.07775000  59.129010000
1323  26.63234000  64.197270000
1324  48.79625000  38.620790000
1325  22.20029000  73.115730000
1326  44.41000000  53.046490000
1327  63.88825000  48.978890000
1328  33.57092000  63.849410000
1329  44.85232000  62.173860000
1330  43.81482000  57.735690000
1331  32.16317000  58.714960000
1332  34.76834000  55.574430000
1333  27.02004000  60.166870000
1334  36.84926000  46.012210000
1335  36.16788000  68.047380000
1336  54.34972000  51.942600000
1337  47.11679000  77.187880000
1338  57.42290000  32.305000000
1339  52.18029000  65.105730000
1340  51.85909000  67.516610000
1341  49.03182000  60.340690000
1342  45.43005000  59.776990000
1343  33.16007000  67.797200000
1344  28.07412000  60.444100000
1345  37.39232000  60.045880000
1346  41.71590000  54.867200000
1347  32.79790000  73.659130000
1348  48.73786000  49.544460000
1349  55.61709000  57.069160000
1350  26.59618000  54.898580000
1351  42.08567000  40.121720000
1352  52.21176000  52.755390000
1353  36.55513000  62.319430000
1354  31.43811000  50.333730000
1355  40.87347000  69.904480000
1356  25.97094000  68.056020000
1357  35.18777000  47.835210000
1358  30.72323000  53.499240000
1359  41.99314000  50.874710000
1360  30.88503000  59.035420000
1361  55.63384000  51.227410000
1362  37.70752000  54.486030000
1363  27.17879000  73.227140000
1364  55.74353000  35.896030000
1365  25.66439000  58.535620000
1366  17.00957000  68.390960000
1367  43.95091000  61.042500000
1368  38.80720000  53.424180000
1369  40.30421000  55.305170000
1370  39.78672000  57.065350000
1371  63.90414000  56.324960000
1372  48.88094000  67.824440000
1373  58.40254000  79.280480000
1374  39.70721000  64.789280000
1375  47.59079000  51.551100000
1376  44.84636000  52.342640000
1377  21.27829000  50.897520000
1378  56.59843000  65.834520000
1379  37.48017000  57.397040000
1380  49.15954000  46.121920000
1381  37.66307000  57.068800000
1382  41.86126000  63.413660000
1383  51.73052000  66.695100000
1384  47.64847000  58.086650000
1385  35.17402000  56.001860000
1386  45.44158000  84.850190000
1387  63.14872000  70.525190000
1388  42.08557000  54.223470000
1389  46.01514000  58.379220000
1390  42.11817000  66.596730000
1391  26.51054000  64.871600000
1392  28.67938000  67.395310000
1393  29.98758000  56.676410000
1394  23.97532000  53.694320000
1395  54.47663000  68.482470000
1396  25.66849000  56.620320000
1397  36.40398000  63.524580000
1398  37.76594000  48.952030000
1399  44.49676000  53.933840000
1400  41.21254000  67.439370000
1401  14.46949000  62.267290000
1402  26.00632000  58.303010000
1403  47.84569000  51.467590000
1404  44.96501000  81.814270000
1405  52.12286000  65.782590000
1406  34.27260000  65.021000000
1407  36.36313000  63.946290000
1408  20.33037000  62.207690000
1409  58.24481000  54.458480000
1410  28.14220000  76.065690000
1411  40.83747000  60.211980000
1412  29.58027000  51.326160000
1413  41.68749000  56.748360000
1414  19.34530000  49.816440000
1415  39.10978000  59.985830000
1416  30.06011000  59.574090000
1417  30.11872000  48.142240000
1418  26.80173000  69.782670000
1419  41.44970000  56.781150000
1420  39.84126000  49.979640000
1421  59.78358000  61.261060000
1422  45.44818000  64.820230000
1423  58.41620000  58.580340000
1424  36.46915000  65.334840000
1425  47.39338000  54.896190000
1426  55.97659000  75.718330000
1427  25.90733000  51.430850000
1428  56.32167000  55.584310000
1429  59.47724000  54.725480000
1430  36.04946000  34.221410000
1431  34.61991000  75.203850000
1432  40.56393000  60.775900000
1433  23.05746000  43.836990000
1434  49.64375000  49.024900000
1435  22.87106000  59.366830000
1436  41.12026000  55.799390000
1437  55.27590000  52.325050000
1438  45.41858000  69.307710000
1439  42.58969000  48.273740000
1440  59.78563000  54.978280000
1441  46.41741000  52.721190000
1442  13.42948000  57.035620000
1443  50.94710000  56.931760000
1444  46.09730000  47.225600000
1445  34.89751000  71.073950000
1446  26.31495000  49.995650000
1447  30.89327000  79.225780000
1448  43.23482000  46.737410000
1449  44.94405000  50.633500000
1450  45.22232000  80.581610000
1451   7.82641900  39.478550000
1452  33.07619000  72.863710000
1453  52.04657000  62.564540000
1454  41.67568000  60.359360000
1455  55.84756000  67.584800000
1456  36.04547000  49.414980000
1457  36.28569000  60.101680000
1458  45.72856000  50.071890000
1459  39.05539000  54.941650000
1460  20.27260000  48.626560000
1461  27.33974000  51.369970000
1462  46.13468000  55.691440000
1463  44.96999000  65.991280000
1464  46.39057000  67.486630000
1465  47.08233000  60.209980000
1466  36.53939000  60.509860000
1467  38.75325000  61.354030000
1468  42.64909000  57.299170000
1469  23.09582000  70.342060000
1470  42.44851000  44.218290000
1471  33.49563000  71.327740000
1472  47.07288000  55.737800000
1473  24.96120000  53.323790000
1474  45.48775000  65.856510000
1475  59.20356000  68.744650000
1476  44.00992000  50.527860000
1477  43.68642000  83.658630000
1478  41.87053000  51.922260000
1479  43.72969000  46.000910000
1480  38.52629000  76.757240000
1481  53.42536000  73.632000000
1482  39.33739000  51.298710000
1483  36.66598000  51.515360000
1484  41.96913000  61.306440000
1485  35.25198000  60.784930000
1486  33.56147000  59.854320000
1487  33.07125000  49.415560000
1488  48.44303000  51.908510000
1489  40.75025000  68.098900000
1490  50.35784000  54.573510000
1491  44.57279000  78.778670000
1492  24.52693000  68.578290000
1493  54.20255000  63.618360000
1494  41.30357000  66.866200000
1495  37.41374000  71.925240000
1496  26.86204000  55.374590000
1497  39.55137000  43.229400000
1498  47.00566000  53.659330000
1499  38.12361000  57.129990000
1500  37.52485000  80.646940000
1501  39.20578000  62.212490000
1502  52.36179000  58.993510000
1503  45.03240000  47.691770000
1504  40.86912000  38.845610000
1505  48.08253000  68.395920000
1506  54.87490000  66.846550000
1507  24.57269000  71.183540000
1508  35.00761000  57.033000000
1509  43.44146000  65.259610000
1510  43.16221000  47.035180000
1511  34.24286000  62.928880000
1512  43.58324000  56.570350000
1513  36.35557000  67.917370000
1514  35.18330000  55.002280000
1515  44.51795000  68.338200000
1516  54.39144000  37.308940000
1517  45.86727000  87.313700000
1518  39.09084000  66.781020000
1519  27.79925000  58.749170000
1520  33.06475000  78.478070000
1521  23.54635000  55.198410000
1522  43.46392000  64.717130000
1523  35.42679000  54.082040000
1524  34.19314000  71.586720000
1525  10.88670000  68.440970000
1526  56.59104000  64.011000000
1527  47.38170000  56.873570000
1528  38.49504000  60.462550000
1529  52.51262000  67.060440000
1530  44.54580000  57.883890000
1531  44.03849000  53.626130000
1532  36.41589000  56.976560000
1533  50.31431000  61.405270000
1534  30.72297000  53.847220000
1535  29.87761000  61.216360000
1536  59.26816000  69.298430000
1537  35.04088000  61.202820000
1538  44.87322000  43.209480000
1539  29.24664000  51.736700000
1540  50.04572000  53.456990000
1541  47.97724000  69.389690000
1542  29.61330000  70.919850000
1543  30.89345000  61.367760000
1544  31.74421000  58.715270000
1545  36.60416000  56.837490000
1546  47.78417000  53.406950000
1547  23.22726000  57.477700000
1548  51.37993000  65.012760000
1549  31.36008000  63.865290000
1550  46.77678000  65.415220000
1551  44.15240000  46.765810000
1552  41.43843000  54.114030000
1553  53.77942000  55.548330000
1554  33.76940000  79.586070000
1555  35.79716000  55.520560000
1556  30.53843000  72.956580000
1557  46.22857000  34.535510000
1558  39.67892000  62.874990000
1559  36.81919000  52.387030000
1560  34.27178000  48.929150000
1561  42.32842000  63.121520000
1562  46.33527000  63.287070000
1563  53.53398000  51.140820000
1564  40.61128000  50.210930000
1565  50.62107000  40.452090000
1566  36.47783000  78.339630000
1567  52.38983000  64.537740000
1568  30.01806000  75.317250000
1569  39.00967000  50.872960000
1570  22.71875000  67.990890000
1571  61.24000000  65.890640000
1572  39.18396000  65.658220000
1573  44.69035000  57.936450000
1574  58.04710000  69.762890000
1575  51.25563000  61.330450000
1576  46.92124000  83.378500000
1577  46.25302000  66.065210000
1578  52.40546000  66.730650000
1579  40.28902000  53.288910000
1580  44.73831000  63.292740000
1581  43.15397000  65.659510000
1582  44.85846000  77.730840000
1583  42.86439000  67.905050000
1584  56.25276000  58.545410000
1585  51.62415000  67.154610000
1586  44.76670000  61.485240000
1587  48.91067000  66.606610000
1588  20.23477000  59.030730000
1589  18.98427000  70.797760000
1590  16.33768000  68.841420000
1591  49.40031000  47.881990000
1592  41.66533000  67.507790000
1593  59.22930000  74.684120000
1594  58.47326000  53.632860000
1595  62.36667000  50.958810000
1596  21.85536000  54.860450000
1597  40.38865000  61.318550000
1598  40.74187000  47.658730000
1599  58.00854000  42.829720000
1600  45.35452000  41.832140000
1601  66.66133000  50.653200000
1602  33.77558000  62.475070000
1603  48.09134000  64.892260000
1604  40.08256000  51.448990000
1605  29.58933000  58.195960000
1606  43.58031000  65.949270000
1607  53.30803000  36.982840000
1608  28.87137000  51.901880000
1609  56.40753000  62.593920000
1610  29.47485000  32.197250000
1611  33.29645000  67.437650000
1612  38.72936000  56.595650000
1613  32.29439000  53.969600000
1614  32.41527000  48.443070000
1615  45.76281000  64.384730000
1616  33.82580000  59.168240000
1617  22.67527000  54.223860000
1618  13.19942000  60.138800000
1619  29.50579000  55.287710000
1620  45.70325000  56.313710000
1621  43.70217000  61.486000000
1622  29.53128000  66.012170000
1623  34.58708000  54.276940000
1624  51.84493000  61.970000000
1625  46.43159000  55.381600000
1626  47.37223000  63.453790000
1627  28.52821000  68.990370000
1628  53.74314000  61.207630000
1629  29.91581000  63.066540000
1630  51.85804000  68.081150000
1631  24.65317000  60.970690000
1632  45.07661000  64.130750000
1633  34.09175000  59.973590000
1634  49.69564000  67.628430000
1635  43.08140000  55.202820000
1636  36.45465000  50.923060000
1637  45.95494000  50.091210000
1638  34.86304000  61.432690000
1639  31.35199000  65.540970000
1640  28.85687000  70.202360000
1641  38.01644000  45.004520000
1642  39.33137000  61.019910000
1643  45.43656000  53.363080000
1644  21.14175000  39.868300000
1645  52.64809000  71.727820000
1646  36.58138000  39.921530000
1647  36.92193000  64.580770000
1648  17.71107000  64.949330000
1649  43.15869000  54.234480000
1650  47.18889000  60.861590000
1651  43.73414000  62.969200000
1652  46.89299000  65.566610000
1653  42.87272000  43.293370000
1654  40.53452000  61.728910000
1655  48.31420000  54.047650000
1656  38.05576000  45.261980000
1657  22.17790000  68.101600000
1658  56.94227000  86.553240000
1659  34.75308000  55.726200000
1660  33.97889000  52.782970000
1661  40.91016000  65.194490000
1662  33.71990000  57.277350000
1663  49.14691000  64.165950000
1664  48.61678000  65.286030000
1665  28.11857000  45.330890000
1666  20.43170000  51.460330000
1667  50.93737000  74.183500000
1668  22.29103000  75.656850000
1669  43.51035000  58.554020000
1670  60.11132000  58.985680000
1671  61.21623000  69.808010000
1672  48.33622000  41.196020000
1673  33.39445000  65.823910000
1674  29.34521000  59.855880000
1675  54.38664000  80.368370000
1676  34.71270000  57.470110000
1677  40.33881000  57.226650000
1678  62.24166000  51.578280000
1679  40.15035000  56.584650000
1680  38.71685000  70.147730000
1681  39.12633000  60.635930000
1682  51.69781000  63.279190000
1683  25.68791000  40.273350000
1684  47.94294000  43.087920000
1685  67.88265000  60.984030000
1686  26.55077000  50.803840000
1687  46.29426000  47.393250000
1688  31.52882000  62.198540000
1689  57.78245000  63.389650000
1690  38.04019000  67.430480000
1691  37.71450000  51.815030000
1692  62.57692000  60.832380000
1693  28.86001000  51.224600000
1694  41.62214000  58.107870000
1695  23.74967000  67.997660000
1696  46.85755000  54.246180000
1697  37.57620000  62.865780000
1698  56.43054000  64.466520000
1699  23.42326000  62.498450000
1700  44.27762000  57.301380000
1701  40.88654000  73.012900000
1702  35.14983000  69.207560000
1703  24.17791000  55.473020000
1704  41.70554000  59.558180000
1705  36.33261000  42.506580000
1706  39.01491000  47.294920000
1707  44.81983000  67.230570000
1708  40.07327000  53.917390000
1709  30.90242000  79.437020000
1710  36.81031000  51.526390000
1711  43.03812000  57.546710000
1712  32.79469000  64.198160000
1713  37.48284000  63.445510000
1714  45.29159000  76.730570000
1715  35.24219000  55.931700000
1716  38.39624000  63.384120000
1717  34.79193000  55.693790000
1718  48.43391000  46.132150000
1719  59.01439000  65.747380000
1720  35.53231000  63.114780000
1721  40.90201000  74.321600000
1722  41.53148000  42.033670000
1723  35.52626000  83.715150000
1724  27.84255000  60.091000000
1725  43.60266000  62.196150000
1726  24.29746000  62.783400000
1727  30.38543000  52.901340000
1728  52.67648000  32.677340000
1729  36.97560000  68.240670000
1730  37.87560000  68.285060000
1731  48.75739000  53.399370000
1732  56.86054000  59.492210000
1733  57.58251000  67.854550000
1734  42.30235000  54.446610000
1735  56.72005000  71.698920000
1736  34.09218000  56.281800000
1737  47.25593000  56.960260000
1738  23.48291000  54.365350000
1739  23.12866000  65.259630000
1740  51.59160000  62.719120000
1741  20.53896000  47.691490000
1742  51.81452000  52.076440000
1743  48.44256000  51.185170000
1744  62.44255000  45.789760000
1745  17.27593000  60.462750000
1746  53.77579000  65.796310000
1747  37.08417000  63.949930000
1748  47.97955000  55.616690000
1749  35.22937000  74.550770000
1750  26.42555000  55.076500000
1751  40.20962000  64.519100000
1752  58.95403000  59.679900000
1753  17.21381000  69.543970000
1754  32.95241000  52.187070000
1755  59.68467000  40.530540000
1756  30.58042000  63.080070000
1757  48.74949000  70.511330000
1758  50.65636000  59.320310000
1759  40.42510000  50.734940000
1760  45.28402000  51.536910000
1761  34.34718000  47.587470000
1762  38.59024000  51.337210000
1763  40.71961000  74.123150000
1764  40.37913000  50.368060000
1765  47.26266000  70.090160000
1766  34.55216000  56.492650000
1767  42.12500000  66.371050000
1768  56.81907000  44.970960000
1769  53.69397000  66.833740000
1770  45.11847000  74.856130000
1771  27.42444000  66.708930000
1772  11.50407000  56.950460000
1773  49.03220000  62.765430000
1774  23.48502000  75.853090000
1775  50.98872000  71.681410000
1776  27.57767000  62.335030000
1777  47.66222000  65.108680000
1778  45.13893000  67.179030000
1779  45.78568000  69.310070000
1780  47.92223000  65.009360000
1781  48.03205000  47.785710000
1782  43.65009000  56.482590000
1783  28.54301000  59.485170000
1784  48.14451000  60.263510000
1785  30.73458000  53.419760000
1786  41.65806000  72.971770000
1787  47.42073000  72.115510000
1788  54.31567000  51.071550000
1789  37.98036000  67.098900000
1790  58.32997000  63.252090000
1791  43.19876000  60.360720000
1792  28.11309000  72.519960000
1793  37.01089000  69.213390000
1794  32.97436000  69.776390000
1795  34.20864000  61.298870000
1796  31.93696000  62.875880000
1797  30.94324000  70.959220000
1798  43.49319000  59.841010000
1799  27.81164000  72.674590000
1800  32.15255000  42.519050000
1801  51.29612000  79.818780000
1802  38.03150000  54.715030000
1803  29.27812000  62.244550000
1804  44.40411000  68.848550000
1805  23.34787000  61.940840000
1806  49.36656000  64.140160000
1807  17.60005000  69.148760000
1808  30.85341000  54.097800000
1809  44.90497000  63.795900000
1810  57.36587000  58.508570000
1811  49.09430000  69.757030000
1812  26.66110000  68.322850000
1813  40.70467000  53.430720000
1814  28.55086000  56.302260000
1815  36.25912000  59.319600000
1816  48.98826000  66.106670000
1817  33.26312000  69.868290000
1818  32.02353000  58.184830000
1819  27.30424000  55.479200000
1820  51.44975000  71.138340000
1821  59.81329000  47.916400000
1822  51.14651000  60.196000000
1823  61.69583000  47.117620000
1824  36.56804000  68.233820000
1825  40.64832000  66.750340000
1826  45.86368000  68.311280000
1827  44.60644000  60.167930000
1828  35.88663000  49.385320000
1829  57.68279000  60.168590000
1830  51.62550000  49.496830000
1831  42.58610000  62.545030000
1832  46.02020000  56.696760000
1833  46.45453000  58.709550000
1834  38.30502000  49.646900000
1835  48.84556000  65.311830000
1836  30.15666000  63.671340000
1837  38.53791000  56.766660000
1838  23.97040000  68.726590000
1839  50.02861000  63.978300000
1840  45.18616000  61.156160000
1841  43.50200000  73.089990000
1842  44.74940000  43.965700000
1843  60.56076000  43.476970000
1844  51.11581000  80.653440000
1845  35.88928000  62.034620000
1846  32.33509000  52.681100000
1847  49.07877000  68.187280000
1848  50.33895000  64.571060000
1849  49.26652000  79.602310000
1850  18.55579000  68.167740000
1851  41.00905000  45.102660000
1852  28.00344000  61.473710000
1853  18.14624000  60.130200000
1854  53.95843000  68.463030000
1855  52.53720000  68.167690000
1856  38.93926000  62.983920000
1857  29.05058000  62.442700000
1858  41.75223000  64.632940000
1859  37.64791000  47.915510000
1860  48.79252000  64.578060000
1861  51.77635000  55.958680000
1862  27.10765000  58.841450000
1863  38.68450000  49.561500000
1864  44.48639000  56.537630000
1865  23.60541000  43.466940000
1866  38.70370000  61.099200000
1867  43.00739000  55.954370000
1868  51.56791000  63.639430000
1869  25.26915000  63.875230000
1870  42.56982000  67.668010000
1871  38.08915000  64.540800000
1872  34.78496000  45.513930000
1873  35.88933000  55.366600000
1874  47.22242000  66.035830000
1875  51.96253000  51.751100000
1876  40.78976000  59.285540000
1877  41.27407000  67.808520000
1878  44.66972000  69.177050000
1879  39.15088000  54.560510000
1880  29.16955000  64.948700000
1881  31.77423000  66.876070000
1882  53.46510000  62.774850000
1883  40.41047000  72.141140000
1884  42.61213000  59.063760000
1885  39.57467000  62.274380000
1886  54.50277000  49.352280000
1887  57.91767000  56.734450000
1888  45.64944000  53.135890000
1889  21.88918000  49.302310000
1890  51.04494000  68.319330000
1891  42.09716000  72.159520000
1892  43.04227000  53.486320000
1893  47.14463000  56.083500000
1894  45.62461000  77.819750000
1895  55.20789000  58.716530000
1896  36.05181000  53.086290000
1897  43.73998000  58.943370000
1898  34.23256000  65.077690000
1899  20.95196000  74.248700000
1900  32.88314000  79.691490000
1901  38.36533000  59.073900000
1902  44.56165000  52.403280000
1903  39.33794000  70.144430000
1904  49.12450000  67.767190000
1905  22.91567000  56.117710000
1906  45.63892000  47.586750000
1907  42.75653000  63.070430000
1908  46.39609000  68.407510000
1909  46.88703000  66.433000000
1910  54.88489000  75.612000000
1911  34.05480000  57.122190000
1912  37.38898000  62.322600000
1913  48.23034000  62.031110000
1914  54.79647000  59.397240000
1915  59.52773000  50.582080000
1916  50.25120000  67.966790000
1917  46.22677000  54.536550000
1918  48.98464000  58.146210000
1919  45.09392000  64.881130000
1920  44.77223000  44.443800000
1921  34.00083000  59.089570000
1922  28.31505000  36.303740000
1923  53.05011000  67.346820000
1924  25.10745000  42.702450000
1925  46.08558000  61.976750000
1926  50.62893000  45.197880000
1927  46.68802000  47.420630000
1928  43.07386000  77.936370000
1929  36.70228000  53.660540000
1930  11.47373000  68.615270000
1931  42.08087000  66.437650000
1932  37.96224000  52.463530000
1933  28.30779000  70.534460000
1934  59.18555000  62.199790000
1935  43.39802000  63.354230000
1936  37.68739000  55.333060000
1937  48.85135000  64.693600000
1938  42.29553000  61.354500000
1939  53.10208000  61.651830000
1940  44.18706000  56.295050000
1941  47.34497000  61.477570000
1942  34.52980000  67.071890000
1943  22.82447000  57.021370000
1944  48.27827000  53.970930000
1945  45.27673000  52.044950000
1946  44.17967000  64.356780000
1947  33.85752000  60.598580000
1948  29.57068000  55.914830000
1949  43.50610000  62.072750000
1950  26.33832000  73.389550000
1951  13.77208000  64.033810000
1952  37.39434000  60.177850000
1953  25.09434000  55.082300000
1954  41.91991000  45.293500000
1955  54.31478000  53.610600000
1956  42.18649000  61.341590000
1957  47.74056000  60.982220000
1958  38.66710000  54.846400000
1959  34.33136000  63.668660000
1960  45.49676000  46.211090000
1961  48.64805000  50.698780000
1962  59.71940000  53.672380000
1963  48.14389000  64.174080000
1964  55.16922000  76.478460000
1965  51.50727000  65.824630000
1966  42.69824000  71.330990000
1967  52.73670000  66.520170000
1968  44.49347000  44.032640000
1969  42.79715000  51.570610000
1970  50.60694000  52.839940000
1971  37.51250000  68.159240000
1972  46.73844000  65.588250000
1973  30.74257000  54.616270000
1974  52.50878000  63.629140000
1975  18.06539000  67.964410000
1976  36.22066000  49.666800000
1977  26.87460000  69.527960000
1978  46.44655000  53.950270000
1979  37.54810000  59.695540000
1980  26.17275000  73.027360000
1981  42.92903000  70.033630000
1982  36.25652000  64.536020000
1983  32.71939000  57.839740000
1984  45.61599000  61.583670000
1985  39.26789000  57.983760000
1986  34.55469000  66.688450000
1987  36.45908000  70.138520000
1988  41.83166000  77.963750000
1989  25.83818000  63.537730000
1990  27.90070000  58.798530000
1991  41.00502000  68.625890000
1992  34.09975000  75.417770000
1993  29.14662000  51.121360000
1994  41.39825000  53.920340000
1995  54.13261000  51.899710000
1996  36.22430000  62.598280000
1997  29.95055000  56.407220000
1998  46.80503000  70.144970000
1999  41.96831000  67.271180000
2000  12.71827000  62.296280000
2001  44.39297000  59.581950000
2002  24.46523000  63.578680000
2003  29.61770000  59.744450000
2004  21.74248000  50.452850000
2005  29.35508000  70.058080000
2006  27.22644000  75.185320000
2007  51.79697000  61.691570000
2008  44.62026000  47.410060000
2009  34.06684000  52.823050000
2010  43.62076000  50.273940000
2011  42.41596000  68.931310000
2012  49.61633000  54.822900000
2013  33.73294000  67.426240000
2014  55.72386000  76.519320000
2015  27.83457000  62.722570000
2016  49.89798000  51.158890000
2017  60.58085000  69.451950000
2018  56.16207000  70.207590000
2019  51.31114000  74.591440000
2020  40.39541000  54.170540000
2021  52.45226000  55.429880000
2022  45.69188000  51.242990000
2023  45.85658000  65.631050000
2024  55.69338000  65.965010000
2025  36.04146000  62.149900000
2026  28.33257000  70.274000000
2027  41.79587000  77.081130000
2028  38.54986000  81.294470000
2029  40.67175000  54.774580000
2030  38.67076000  67.806640000
2031  35.75459000  52.148070000
2032  47.64047000  62.953490000
2033  44.38814000  50.864220000
2034  55.07092000  45.499460000
2035  47.48012000  58.805830000
2036  40.05356000  72.848740000
2037  41.29422000  67.835280000
2038  36.53526000  78.049780000
2039  23.52244000  51.338260000
2040  42.98621000  55.512080000
2041  25.60867000  47.510160000
2042  31.30385000  71.489020000
2043  54.79936000  68.692150000
2044  33.32064000  69.452710000
2045  42.24906000  47.526440000
2046  29.50400000  48.877120000
2047  31.42953000  52.802370000
2048  51.66205000  57.327320000
2049  38.16498000  53.454290000
2050  44.65573000  61.148250000
2051  68.77616000 -23.908830000
2052  56.22534000  -5.294665000
2053  84.62974000  -8.592495000
2054  95.91765000 -17.084910000
2055  66.93266000  -3.231932000
2056  68.53610000 -26.185950000
2057  76.53591000  -3.304326000
2058  76.23439000 -11.418900000
2059  54.16949000 -19.011230000
2060  72.58262000 -16.839230000
2061  81.56219000  -1.694383000
2062  67.99164000 -17.648080000
2063  64.71255000 -14.862990000
2064  70.76205000 -13.405300000
2065  80.15953000  -1.895146000
2066  64.54891000  -1.188370000
2067  72.76769000  -1.913954000
2068  79.98370000 -20.640030000
2069  79.13871000   3.933550000
2070  44.28213000   1.785785000
2071  64.14030000  -9.613207000
2072  59.16926000  13.100820000
2073  81.54203000   8.749848000
2074  74.12215000 -22.669610000
2075  69.51984000 -12.941620000
2076  80.76502000  -7.238871000
2077  54.98248000  -5.827399000
2078  63.85516000  -1.502977000
2079  70.24579000 -22.480830000
2080  64.31788000 -12.378710000
2081  86.63560000 -20.348800000
2082  84.94551000 -11.819740000
2083  84.22009000   0.213655800
2084  64.29858000  -7.748638000
2085  78.10973000 -14.831340000
2086  75.86112000 -11.635410000
2087  90.31363000  -6.734307000
2088  62.72575000 -18.508240000
2089  75.54213000  -4.170342000
2090  65.45658000 -10.579940000
2091  61.91086000 -20.552870000
2092  59.13503000 -18.543820000
2093  60.52482000   4.002958000
2094  80.68502000 -10.625640000
2095  66.77925000  -6.613982000
2096  66.15932000 -12.419490000
2097  66.32986000  -0.985662500
2098  63.90113000  -8.547860000
2099  82.86773000  -7.530378000
2100  85.21556000 -24.698710000
2101  67.60797000   6.669538000
2102  66.35771000 -24.432540000
2103  65.34889000 -16.153850000
2104  95.93560000 -13.874950000
2105  55.30122000  -3.164437000
2106  53.70588000 -22.064580000
2107  58.04943000  -2.860465000
2108  75.83075000 -11.850080000
2109  61.31218000 -19.078400000
2110  77.72340000  -2.877346000
2111  85.97016000 -17.811260000
2112  68.26376000 -19.155560000
2113  77.10473000 -19.015280000
2114  78.19132000  -8.509058000
2115  65.10429000  -3.435620000
2116  79.52807000 -27.633790000
2117  75.18258000  -6.525010000
2118  73.22818000  -3.601662000
2119  67.87865000   6.670040000
2120  67.49999000  -3.656658000
2121  68.73451000 -14.850500000
2122  68.80344000   0.203621900
2123  70.23388000  -1.111902000
2124  74.11479000  -7.362882000
2125  52.94662000 -26.111580000
2126  61.42340000   4.106580000
2127  75.64492000 -27.290680000
2128  70.19157000 -15.426740000
2129  57.02136000 -28.379560000
2130  62.74637000 -13.188000000
2131  65.85207000 -20.202640000
2132  74.16820000  -9.089777000
2133  69.75043000  -0.384261300
2134  57.04818000 -16.484490000
2135  78.25997000  -7.998330000
2136  63.72304000 -24.235050000
2137  64.25357000 -12.805240000
2138  60.51129000  -0.360461200
2139  64.83588000  -2.828358000
2140  64.00904000 -28.743350000
2141  84.36928000   1.672451000
2142  65.89382000  -9.091981000
2143  66.97235000 -19.932470000
2144  84.08383000   6.852012000
2145  68.23765000   2.762476000
2146  72.25073000 -17.159580000
2147  55.23472000   3.789266000
2148  75.93697000  -4.408560000
2149  68.67339000  -4.801611000
2150  56.01145000 -17.848600000
2151  77.52585000 -15.700330000
2152  88.95077000 -19.448430000
2153  61.68007000   8.509057000
2154  94.70014000  -6.385033000
2155  66.70215000 -29.732640000
2156  77.82463000 -10.061710000
2157  87.91064000 -30.964770000
2158  61.91660000  -8.827060000
2159  80.87708000  -0.716239500
2160  80.89673000 -23.389860000
2161  66.70298000   4.803512000
2162  63.19015000 -20.612430000
2163  76.81372000 -26.902430000
2164  65.06876000   4.386009000
2165  95.32207000 -16.983350000
2166  57.72157000 -15.604940000
2167  55.37355000   0.158291300
2168  69.38057000 -12.990760000
2169  67.81506000  -4.811255000
2170  76.97593000  -8.360360000
2171  77.27475000   4.903346000
2172  83.35947000 -22.263670000
2173  61.09789000 -14.297660000
2174  65.82687000 -19.214190000
2175  74.95858000  -4.134062000
2176  62.60687000  13.205390000
2177  51.71922000  -0.178858300
2178  74.93252000  -0.586423200
2179  79.38506000 -19.221700000
2180  75.77722000 -26.504060000
2181  58.46342000 -15.132720000
2182  75.47081000 -22.602660000
2183  44.91439000  -5.197128000
2184  68.68961000  12.474480000
2185  61.03369000   0.795033600
2186  58.83893000  -2.276435000
2187  82.02278000  -8.854354000
2188  70.77446000 -12.752990000
2189  79.77536000 -28.669150000
2190  74.93503000  -3.327770000
2191  72.12925000 -12.277850000
2192  80.84457000  -2.636685000
2193  57.63159000  -1.221671000
2194  80.52416000   6.845383000
2195  63.23520000 -24.726820000
2196  82.18422000 -29.512190000
2197  97.35694000  -2.163071000
2198  60.78475000 -31.039820000
2199  70.74291000 -22.159980000
2200  74.01690000  14.516560000
2201  66.91939000 -12.247890000
2202  76.09503000   4.343313000
2203  81.78097000  -8.727156000
2204  80.09553000  -4.232298000
2205  73.32889000   1.538375000
2206  62.58947000   4.468431000
2207  67.35439000 -16.619950000
2208  86.32658000 -14.458370000
2209  71.04987000  -2.683244000
2210  83.78762000  26.497330000
2211  74.85747000  -5.059505000
2212  77.72216000   6.093524000
2213  68.97789000  -4.123292000
2214  59.17707000 -14.737580000
2215  50.49705000 -17.907280000
2216  80.15600000   6.284120000
2217  73.31786000  -9.305126000
2218  59.61196000  -4.425068000
2219  68.88152000  -9.893832000
2220  88.66383000  -7.909438000
2221  54.22847000 -16.322380000
2222  71.32836000   2.896152000
2223  77.83042000  -5.410922000
2224  72.29527000  -1.643808000
2225  60.87722000 -22.112400000
2226  90.33483000  -5.948239000
2227  74.31378000 -20.850820000
2228  73.68492000  -4.392175000
2229  67.73081000 -18.782140000
2230  70.87401000 -13.913320000
2231  58.89813000  -1.263629000
2232  61.02102000 -13.007590000
2233  63.88495000   4.276434000
2234  60.26458000   0.771627200
2235  70.30639000 -11.668150000
2236  73.19178000  -4.823114000
2237  58.26951000 -13.581540000
2238  73.82600000  -5.296699000
2239  76.70216000  -7.703344000
2240  69.07478000   2.692738000
2241  55.76127000 -27.639650000
2242  84.63778000   0.841825000
2243  74.96148000  11.918750000
2244  57.66360000 -23.912390000
2245  64.04885000  -6.910765000
2246  71.50330000  -0.023695850
2247  82.15275000 -21.608100000
2248  63.34114000 -25.321500000
2249  73.77465000  -8.064701000
2250  72.78902000 -25.237120000
2251  60.62800000 -17.696530000
2252  70.46724000 -13.250960000
2253  71.33598000 -35.301760000
2254  78.18223000  -4.003611000
2255  65.29634000 -14.715070000
2256  79.06381000 -17.524290000
2257  59.79717000 -15.802040000
2258  77.98643000   0.148550000
2259  79.18679000 -22.840980000
2260  61.16820000 -17.879230000
2261  73.55363000   3.718564000
2262  71.21541000  -7.743013000
2263  72.69725000 -10.525230000
2264  66.16580000   8.654269000
2265  66.57901000  -7.968690000
2266  77.53841000  -7.255456000
2267  68.90079000  -1.174505000
2268  75.15744000  -4.303189000
2269  60.93241000 -19.626300000
2270  70.77527000 -15.193860000
2271  61.57277000 -19.849660000
2272  74.40188000 -12.653760000
2273  76.09887000  -8.812416000
2274  63.00710000   4.700768000
2275  55.08188000 -13.813310000
2276  62.74949000  -7.885534000
2277  69.52172000 -11.223830000
2278  72.21619000   1.537016000
2279  86.36201000 -19.033970000
2280  57.06537000  -8.751387000
2281  65.39790000  -1.594234000
2282  62.21588000 -17.881680000
2283  66.55029000 -26.346490000
2284  63.71606000  -2.147129000
2285  61.24889000  11.375150000
2286  67.01504000 -13.913900000
2287  76.54024000   7.571401000
2288  51.77094000 -18.340460000
2289  85.88293000   3.302760000
2290  61.10013000 -12.418150000
2291  59.85202000  -5.652476000
2292  75.82624000 -20.090610000
2293  61.68382000 -13.309220000
2294  57.11461000 -14.718950000
2295  77.37225000  -1.998448000
2296  56.91890000  -5.607814000
2297  68.24066000 -16.778300000
2298  70.99341000 -20.218610000
2299  55.90017000 -24.427810000
2300  65.72708000 -12.626720000
2301  86.91040000  -2.218481000
2302  60.30796000 -21.139740000
2303  58.89599000 -13.656080000
2304  64.42315000   2.896175000
2305  68.26449000  -1.292433000
2306  60.80457000 -16.410140000
2307  74.24806000 -23.904770000
2308  68.40987000  -1.351733000
2309  75.19914000 -17.888740000
2310  53.99338000 -16.790150000
2311  64.66423000 -11.217530000
2312  78.41882000  -8.131473000
2313  90.12560000 -24.577630000
2314  78.52343000 -23.977290000
2315  69.83008000  -6.202702000
2316  76.66716000 -10.954840000
2317  73.33869000 -14.506320000
2318  54.61538000   0.822026000
2319  75.07177000   2.725070000
2320  72.55125000  16.474400000
2321  75.25325000   4.462009000
2322  63.05424000 -12.704890000
2323  74.84572000  -6.913638000
2324  81.29542000 -18.136090000
2325  86.43307000   1.714600000
2326  58.70364000  -4.059786000
2327  50.14929000 -14.315980000
2328  63.98909000 -11.189550000
2329  65.58124000 -11.163730000
2330  78.43384000   1.611536000
2331  81.68640000  -7.565635000
2332  71.32661000 -24.211400000
2333  56.50423000  -0.670851900
2334  66.49155000 -11.932270000
2335  77.01996000  -7.084207000
2336  83.91402000  -1.372130000
2337  69.80927000 -12.628270000
2338  59.75429000   1.039816000
2339  97.82028000 -16.563950000
2340  91.93916000  -1.150087000
2341  67.92403000 -17.032660000
2342  61.81742000   9.498615000
2343  71.14845000  -8.638981000
2344  66.59299000 -32.466370000
2345  68.46967000 -30.534990000
2346  75.83458000  -3.566499000
2347  79.48316000 -30.800590000
2348  63.92749000 -11.384300000
2349  67.65975000  -9.337537000
2350  67.92516000   4.484799000
2351  65.09831000 -11.526290000
2352  70.69653000 -15.150480000
2353  77.50496000  -9.722227000
2354  88.75939000 -10.320800000
2355  66.10896000 -26.775770000
2356  48.80508000 -22.484400000
2357  77.87479000  -5.751227000
2358  74.65789000  -8.919705000
2359  82.11505000  -1.623908000
2360  73.36298000 -14.605430000
2361  71.40567000  -4.340033000
2362  58.62062000 -10.190770000
2363  65.29806000   2.156136000
2364  72.86081000 -11.828090000
2365  71.37690000  -9.252214000
2366  84.13732000   8.626088000
2367  70.62952000 -29.138310000
2368  74.71705000 -17.160860000
2369  69.74262000  -8.386807000
2370  72.60228000  -4.416259000
2371  62.13006000 -22.798530000
2372  60.11729000  11.888670000
2373  76.74555000 -17.363890000
2374  67.41577000  -9.266467000
2375  73.11009000 -23.100490000
2376  79.32548000 -15.702810000
2377 104.37660000   4.351511000
2378  66.86716000 -19.877770000
2379  89.33103000 -12.803780000
2380  35.74094000 -24.001270000
2381  76.09913000 -18.216360000
2382  69.32010000  -5.764337000
2383  64.45351000  -9.646416000
2384  81.06175000 -21.191480000
2385  58.83277000  -3.300213000
2386  59.77071000  -6.573427000
2387  69.73292000 -22.096760000
2388  66.79100000 -10.471020000
2389  49.65516000  -1.869738000
2390  70.70066000 -15.895140000
2391  72.20053000 -12.376270000
2392  65.95326000 -16.931830000
2393  74.20015000 -14.897150000
2394  72.81212000  -3.046355000
2395  57.88044000  -4.081336000
2396  48.90072000 -21.980840000
2397  61.67483000   4.149319000
2398  72.80554000  -5.543254000
2399  82.24438000  -8.713730000
2400  68.85194000  -0.968421100
2401  70.25800000  -5.573562000
2402  51.29503000   3.890627000
2403  71.87862000   1.958380000
2404  74.26682000   0.226859800
2405  73.88967000  -4.138421000
2406  72.43866000  -8.702070000
2407  68.84693000  -4.473853000
2408  67.45790000 -11.519090000
2409  63.23736000  -4.332619000
2410  67.04572000  -8.749687000
2411  61.14106000 -20.129180000
2412  59.06593000 -36.596450000
2413  63.09320000  -9.511965000
2414  64.19505000  -4.122554000
2415  69.14382000  -6.864115000
2416  68.21860000 -13.961710000
2417  80.78812000 -21.611130000
2418  62.15595000  -5.598550000
2419  76.20210000  -0.353541400
2420  67.71612000 -21.953910000
2421  66.87748000 -13.763730000
2422  81.16841000 -12.732200000
2423  77.52612000 -16.854770000
2424  73.13333000 -14.034960000
2425  62.92608000 -13.997500000
2426  51.79126000   6.185827000
2427  69.15686000  -9.004087000
2428  62.27294000  -7.576707000
2429  62.86968000  -8.900020000
2430  59.75554000 -18.648590000
2431  55.93825000  -5.324996000
2432  63.37816000   8.626922000
2433  89.06512000 -18.007870000
2434  59.49207000 -21.839000000
2435  63.07170000   4.165300000
2436  74.18266000 -14.393850000
2437  72.99597000 -21.995020000
2438  74.54878000   0.689990000
2439  72.79072000 -13.423790000
2440  68.58779000   0.489019400
2441  83.49910000  -3.712483000
2442  85.60566000  -2.347389000
2443  49.33336000 -16.451310000
2444  80.25808000 -17.905340000
2445  73.99424000  -3.416731000
2446  71.49039000 -32.687230000
2447  75.56422000 -35.107050000
2448  50.77177000  -5.560257000
2449  63.31959000   3.695687000
2450  62.63376000 -20.601240000
2451  72.48474000  -9.643281000
2452  55.58650000 -23.306930000
2453  51.66027000 -29.966120000
2454  53.65475000  -5.412206000
2455  89.75272000  -8.296798000
2456  60.46186000   2.982870000
2457  80.37600000 -11.604010000
2458  61.82472000 -13.039640000
2459  73.42504000 -12.028370000
2460  72.77863000   1.591326000
2461  67.30395000 -22.657110000
2462  71.14540000  -6.820285000
2463  91.37652000 -10.324530000
2464  70.45771000  -2.015341000
2465  65.35571000  -2.156085000
2466  86.14405000  -6.644713000
2467  40.98589000 -20.968940000
2468  85.28412000 -16.273020000
2469  84.69904000 -11.246360000
2470  78.16190000 -22.539740000
2471  63.30449000  -7.136283000
2472  50.96260000  -0.586815200
2473  78.59820000 -24.022100000
2474  71.42413000 -15.803830000
2475  73.35840000   1.431008000
2476  63.51020000 -10.891180000
2477  64.36410000 -38.681090000
2478  79.91314000 -16.899740000
2479  70.61451000 -13.648070000
2480  77.37191000 -29.691700000
2481  62.43318000   4.515735000
2482  66.53034000 -23.736380000
2483  53.39924000  -8.951078000
2484  82.79707000  -3.406174000
2485  65.80340000 -11.192130000
2486  87.72446000  -1.788042000
2487  68.37877000 -11.212650000
2488  76.46407000   1.250499000
2489  67.35838000  -1.977294000
2490  89.75777000 -20.195150000
2491  71.44210000  -6.040679000
2492  74.56606000  -8.156192000
2493  68.46404000  -7.432018000
2494  78.44227000 -13.592820000
2495  73.10613000   5.701017000
2496  62.34706000 -22.548940000
2497  51.82533000 -14.286960000
2498  70.39661000  -5.694306000
2499  76.49829000  -4.378538000
2500  61.48431000 -16.319030000
2501  61.80352000   1.297201000
2502  76.02110000  -7.230398000
2503  60.64451000   7.604861000
2504  71.70814000 -12.861160000
2505  76.83708000 -18.124740000
2506  78.40622000 -18.097120000
2507  68.72024000 -23.952370000
2508  50.06301000 -20.203530000
2509  87.69692000 -11.429720000
2510  86.99997000   4.574135000
2511  68.19161000 -20.049760000
2512  68.08471000 -28.096510000
2513  64.06250000 -10.749900000
2514  74.93968000 -13.940030000
2515  74.13194000  -7.691431000
2516  67.39908000 -22.575390000
2517  73.78174000   0.664158900
2518  55.11437000 -11.707880000
2519  82.80132000 -13.104050000
2520  61.30690000   7.839162000
2521  66.26919000  -2.282228000
2522  59.19792000 -11.328490000
2523  62.44526000 -30.152190000
2524  49.19779000 -11.719510000
2525  72.94774000  -8.344704000
2526  59.87773000  -5.742763000
2527  73.47509000  -4.283149000
2528  85.36645000 -16.469190000
2529  69.38539000  -1.906945000
2530  62.15073000  -5.052795000
2531  64.23726000 -13.335100000
2532  72.92104000   0.791644000
2533  77.48227000 -23.130510000
2534  77.34316000   3.181548000
2535  69.85361000  -9.066127000
2536  70.68102000  -3.586060000
2537  84.16232000 -24.397670000
2538  57.46576000   4.544234000
2539  63.88039000   1.740880000
2540  92.76103000   1.320703000
2541  86.41515000 -12.484420000
2542  63.23813000   0.645711300
2543  72.81642000 -17.780910000
2544  52.98323000   1.240638000
2545  66.03696000 -15.129860000
2546  63.82113000  -8.541133000
2547  84.74937000 -21.779880000
2548  66.82718000 -18.493570000
2549  66.87390000  -7.117552000
2550  90.11309000 -13.738020000
2551  43.88975000 -13.820000000
2552  81.08251000 -12.441690000
2553  62.29297000 -16.469920000
2554  58.55329000 -23.568550000
2555  56.00959000   8.877159000
2556  76.57934000  -6.173397000
2557  82.20190000  -6.965297000
2558  73.04178000 -14.762940000
2559  69.56355000 -12.551830000
2560  52.04093000 -14.049980000
2561  73.35320000  -7.789966000
2562  63.90973000 -12.611780000
2563  50.83435000  -1.439128000
2564  72.19453000 -16.442320000
2565  74.73565000 -25.908020000
2566  68.85865000 -10.914150000
2567  80.10725000  -4.844485000
2568  73.59379000  -2.300540000
2569  64.91755000 -17.796530000
2570  69.18629000  -1.345729000
2571  56.67511000 -19.899740000
2572  63.84701000   7.070253000
2573  73.52853000  -4.305105000
2574  77.77298000 -20.978710000
2575  66.58747000 -16.512020000
2576  74.68619000 -13.785160000
2577  82.44135000  -3.198811000
2578  52.30627000 -19.965280000
2579  69.29220000  -8.165172000
2580  64.40332000  11.538800000
2581  87.83745000  -5.797536000
2582  73.06476000   2.346044000
2583  58.63267000   1.105400000
2584  74.55995000 -14.945820000
2585  74.27044000 -21.813540000
2586  50.25447000  -9.793256000
2587  62.09312000 -22.105280000
2588  87.61305000   0.887188400
2589  79.40338000   3.454682000
2590  77.56643000  17.259780000
2591  87.67891000  -5.012097000
2592  67.52089000   0.599771700
2593  79.92055000  -2.785855000
2594  71.32548000  -6.040786000
2595  57.68811000 -26.817900000
2596  85.23694000  -7.594193000
2597  64.65368000  -8.683290000
2598  61.31142000  11.266600000
2599  59.06764000   7.588652000
2600  87.76017000 -11.613410000
2601  68.24614000 -26.377160000
2602  64.45452000  -2.222824000
2603  65.53308000 -29.092760000
2604  63.89614000 -19.102720000
2605  80.11442000  13.054220000
2606  53.44080000  -4.500050000
2607  71.92873000 -16.937470000
2608  61.59669000 -10.754920000
2609  66.93093000 -13.782570000
2610  50.34516000  -9.613154000
2611  72.01345000 -13.675140000
2612  83.81450000 -24.734080000
2613  78.27926000  -0.211725600
2614  63.37316000  -5.140422000
2615  67.56707000   1.263094000
2616  78.30576000  -2.315313000
2617  64.15815000  -9.960403000
2618  58.67935000  -5.187703000
2619  84.99193000 -25.748530000
2620  66.11341000  -4.922376000
2621  74.52394000  -1.039614000
2622  70.64279000  -8.465358000
2623  89.60640000   0.470834000
2624  76.03230000  -3.837667000
2625  75.88329000 -11.400710000
2626  91.41507000 -18.581230000
2627  75.96584000  -5.745560000
2628  56.82018000 -18.151800000
2629  65.26213000  -1.156317000
2630  72.53540000 -20.203250000
2631  42.97974000  -8.860008000
2632  58.11489000 -18.281660000
2633  73.26022000 -11.988030000
2634  77.94697000 -12.416350000
2635  71.23610000  -8.819086000
2636  80.56624000   7.036737000
2637  88.41406000 -13.116240000
2638  72.93951000  -8.774334000
2639  71.42486000  -6.568674000
2640  85.37737000  -2.574961000
2641  60.69893000   4.760236000
2642  84.41388000  -6.605288000
2643  78.85013000 -11.484610000
2644  72.23627000  -3.348330000
2645  79.51451000  -7.224457000
2646  70.81757000 -20.525310000
2647  79.33550000 -17.013380000
2648  83.92007000 -18.975310000
2649  64.99888000  -4.225446000
2650  70.30046000   4.675978000
2651  72.44690000 -14.501340000
2652  65.32914000 -20.579360000
2653  69.68672000  -8.770884000
2654  82.80947000  -2.210701000
2655  66.12637000 -24.658170000
2656  74.31614000   0.496487200
2657  62.74274000 -19.141870000
2658  66.71625000  -1.283010000
2659  52.76581000   2.249599000
2660  64.23697000   2.673515000
2661  82.93062000 -20.180610000
2662  36.50027000 -21.492230000
2663 103.91980000 -25.940610000
2664  78.92066000 -12.200630000
2665  71.31289000   4.678265000
2666  70.89019000  15.404300000
2667  87.70451000 -15.316500000
2668  58.66569000  -4.894761000
2669  65.94133000  -0.471723300
2670  53.61497000 -20.941960000
2671  80.81969000 -30.371790000
2672  67.59589000  -2.237453000
2673  70.45368000 -14.350000000
2674  52.61427000  -5.968235000
2675  67.05727000 -18.369290000
2676  80.33527000  10.003800000
2677  65.81659000  -7.695396000
2678  58.66797000  -6.653395000
2679  63.55366000 -33.600010000
2680  72.77927000  -2.601520000
2681  70.05731000  -6.740457000
2682  63.67471000 -19.574410000
2683  61.41443000 -12.561550000
2684  59.91931000 -11.408360000
2685  54.54313000  -9.975537000
2686  70.58784000  -9.452148000
2687  53.50132000 -11.882790000
2688  72.78958000 -28.220060000
2689  76.30181000  -6.231672000
2690  51.48873000 -31.359420000
2691  82.67635000 -19.143850000
2692  64.73662000 -20.463050000
2693  89.92531000 -10.708610000
2694  82.33732000  -6.081996000
2695  67.78350000 -13.783070000
2696  82.01410000   8.581901000
2697  65.64449000  -3.324757000
2698  58.89835000 -22.795580000
2699  50.28286000   4.203121000
2700  68.29051000 -13.597840000
2701  85.31325000  -9.977645000
2702  93.10153000 -14.480680000
2703  64.67440000  -1.086240000
2704  72.97454000   0.826053200
2705  74.51596000  -9.207847000
2706  68.41306000  -2.750809000
2707  75.30674000  -4.204458000
2708  53.84029000 -12.409790000
2709  67.35263000  -0.354248600
2710  67.39329000 -32.948800000
2711  56.93941000  -4.871946000
2712  69.12279000   5.317039000
2713  57.22761000  -5.167954000
2714  76.05929000  -5.569526000
2715  59.81583000  -4.150285000
2716  64.30557000 -27.271400000
2717  59.11490000 -16.259770000
2718  91.61397000 -12.110070000
2719  78.31008000 -16.377300000
2720  68.59947000   0.792814500
2721  68.01685000   1.108887000
2722  82.84614000 -12.491690000
2723  49.51263000  -0.511164500
2724  69.89730000 -34.170000000
2725  84.17337000  -4.631359000
2726  78.89444000 -24.297880000
2727  70.69758000   9.444025000
2728  61.77013000 -19.688940000
2729  78.01630000   4.235490000
2730  73.54946000 -16.099420000
2731  55.73493000 -12.744540000
2732  65.89819000  13.693860000
2733  57.39889000 -13.827440000
2734  63.04364000 -27.316530000
2735  90.12375000 -18.254400000
2736  64.38116000 -23.611670000
2737  63.44825000  -5.623520000
2738  72.94678000 -17.252170000
2739  52.57834000 -13.120090000
2740  63.63273000   5.738944000
2741  71.99254000 -10.990590000
2742  72.39277000  -4.811533000
2743  79.11701000  -4.512673000
2744  51.93237000 -17.866230000
2745  70.43403000 -21.599880000
2746  73.80844000  -2.224638000
2747  81.84084000 -19.730660000
2748  60.51824000  -7.986829000
2749  76.27817000 -26.234520000
2750  72.43248000 -18.915110000
2751  68.76535000   1.418947000
2752  60.72785000   2.763541000
2753  68.29949000 -11.583260000
2754  71.62149000 -26.875540000
2755  70.59952000  -5.845408000
2756  80.10539000 -10.826200000
2757  70.75399000  10.094090000
2758  61.23998000 -21.444230000
2759  68.35280000   8.337489000
2760  61.51666000 -12.434420000
2761  71.43109000  -0.006148352
2762  62.02735000 -24.198750000
2763  61.78095000   1.968633000
2764  98.66974000  -2.164127000
2765  73.01436000  -1.722455000
2766  82.94384000  -0.940817700
2767  80.52203000 -13.208710000
2768  53.52886000  -3.686721000
2769  70.67194000  -0.772277300
2770  56.81425000 -13.704580000
2771  72.37652000 -26.525380000
2772  49.83153000  -8.861414000
2773  70.16466000 -18.970820000
2774  72.25542000  17.132890000
2775  69.06650000   2.742776000
2776  57.83613000  -1.477452000
2777  75.97397000 -22.849420000
2778  68.33255000   0.697661300
2779  60.67356000  -8.953940000
2780  61.20472000 -14.926800000
2781  65.42600000  -8.987577000
2782  77.37339000  -3.914790000
2783  65.88091000 -24.638200000
2784  68.68376000 -26.484810000
2785  83.17385000 -11.669420000
2786  69.57142000  -1.190850000
2787  87.76274000 -12.095850000
2788  64.25253000  -4.659249000
2789  58.76330000  -9.553751000
2790  87.67790000 -14.574680000
2791  84.77952000 -28.193380000
2792  44.48759000 -28.919120000
2793  71.15801000  -4.969750000
2794  81.11289000   1.820294000
2795  69.67390000 -13.501280000
2796  77.81984000 -29.281800000
2797  74.59189000  -6.969018000
2798  87.18534000  -7.561814000
2799  80.60636000   4.675780000
2800  84.97687000 -20.772760000
2801  79.38887000  18.965870000
2802  73.09005000  -9.938504000
2803  83.21137000 -35.360760000
2804  54.64416000 -10.794290000
2805  73.64229000 -16.808740000
2806  68.84037000  -3.089466000
2807  75.82528000 -25.177960000
2808  77.21420000 -21.172320000
2809  62.69973000 -11.284030000
2810  65.87854000 -18.354370000
2811  65.83120000 -12.800480000
2812  69.75814000  -6.189078000
2813  68.61625000 -15.984610000
2814  64.98134000 -16.783270000
2815  64.85876000  -9.286581000
2816  66.79546000 -17.629500000
2817  43.56437000 -14.078150000
2818  68.28453000  -0.052836030
2819  53.97722000 -18.117320000
2820  72.37554000 -14.151020000
2821  45.12958000   6.069386000
2822  79.23594000  -7.783267000
2823  67.89267000 -20.794890000
2824  77.45593000  -6.610437000
2825  67.28255000  -3.456408000
2826  77.23093000  -4.179791000
2827  77.14531000 -16.250220000
2828  60.35104000 -16.187230000
2829  65.31193000 -16.610320000
2830  77.93611000 -32.701890000
2831  79.88167000  -9.255130000
2832  64.06412000  -5.053665000
2833  55.65335000  -2.352454000
2834  60.33708000  -0.512153200
2835  69.20068000 -13.579590000
2836  62.69723000 -10.167040000
2837  66.39989000  -5.404058000
2838  60.86256000 -17.942430000
2839  74.03131000 -25.698330000
2840  82.44264000 -17.388760000
2841  71.05727000 -20.943830000
2842  80.91493000  -5.505733000
2843  74.19766000  -3.398674000
2844  73.76104000  -9.804844000
2845  69.15085000 -27.336720000
2846  73.74459000 -22.247470000
2847  93.63296000 -10.363240000
2848  72.05005000  -1.988670000
2849  79.09497000 -17.769300000
2850  52.66147000 -12.101190000
2851  91.25622000 -26.767650000
2852  69.69169000  -7.789096000
2853  47.71091000  -6.095375000
2854  55.00807000  11.567220000
2855  67.68167000  -9.785644000
2856  65.44644000 -12.130770000
2857  84.56817000  -6.077383000
2858  97.56903000 -14.446390000
2859  53.24852000 -11.417880000
2860  67.16991000  -4.073038000
2861  62.42045000 -16.276700000
2862  59.63564000 -37.790370000
2863  78.52355000  -6.868666000
2864  68.07284000  -9.450905000
2865  64.40905000 -17.325690000
2866  83.58873000 -10.164130000
2867  83.71054000  -7.567408000
2868  76.59972000  -8.598391000
2869  65.59871000  -5.515496000
2870  64.16531000  -8.239429000
2871  72.31848000 -28.377390000
2872  72.89074000 -13.084010000
2873  71.85983000  -7.281507000
2874  74.98594000   4.954800000
2875  68.01299000 -12.934270000
2876  71.72321000  -7.872746000
2877  85.02030000 -22.109810000
2878  66.09438000   0.719626600
2879  85.76525000 -15.941580000
2880  75.29033000 -20.524930000
2881  69.05731000 -16.426710000
2882  84.21595000 -13.299460000
2883  69.43209000  -7.778993000
2884  69.34890000 -16.709960000
2885  67.49600000   0.769537300
2886  54.37956000  -2.373576000
2887  55.37194000  -8.759966000
2888  65.99169000  -4.956535000
2889  82.59654000 -29.846390000
2890  80.10463000 -11.909500000
2891  62.44377000 -16.136100000
2892  87.34288000 -11.941910000
2893  63.13534000 -32.473610000
2894  80.38442000 -12.193010000
2895  53.62364000 -20.694380000
2896  70.99268000  -3.287801000
2897  92.67575000 -16.184620000
2898  65.15415000  -7.422444000
2899  79.33412000 -22.186590000
2900  69.03038000 -13.706630000
2901  85.09824000 -11.314370000
2902  75.07559000  -1.200560000
2903  74.90408000 -31.594220000
2904  51.66653000   5.640220000
2905  77.56271000 -12.518840000
2906  83.97680000 -15.203810000
2907  52.63898000   0.246635500
2908  64.80269000 -19.893570000
2909  60.91487000  -5.646970000
2910  76.31144000 -13.271300000
2911  72.70005000 -17.951290000
2912  54.85474000  -4.231365000
2913  60.46303000 -11.154640000
2914  73.09839000 -14.091350000
2915  58.33049000 -24.547330000
2916  78.08799000   4.297182000
2917  61.18767000 -32.672010000
2918  76.27331000 -27.696070000
2919  67.02220000 -35.019620000
2920  83.54788000   1.910021000
2921  54.19945000 -13.459550000
2922  67.80528000   4.444605000
2923  87.90198000  14.854060000
2924  62.05761000  -0.184593500
2925  67.43387000  -4.600472000
2926  51.20422000  -7.373770000
2927  83.53147000  -4.596114000
2928  63.07033000 -10.094490000
2929  62.59971000  -7.996270000
2930  68.38940000  -1.819404000
2931  75.60424000  -8.007767000
2932  51.39455000  -7.560444000
2933  54.05743000 -30.141470000
2934  54.21433000   0.976269000
2935  66.11360000  -2.307693000
2936  72.98232000 -21.417060000
2937  63.47237000   0.424374200
2938  67.75566000  -3.700921000
2939  59.91527000  -4.502811000
2940  59.59558000  19.357970000
2941  74.93520000   2.191131000
2942  59.33881000 -18.745310000
2943  79.36212000   5.214438000
2944  82.11814000 -13.619260000
2945  83.82712000 -38.795500000
2946  74.61884000 -11.334460000
2947  61.73203000  -5.572901000
2948  68.48677000 -23.121370000
2949  69.30094000 -27.308730000
2950  56.70621000 -17.456950000
2951  71.53534000   0.862379200
2952  76.21033000   7.055012000
2953  63.84636000 -17.728300000
2954  66.25222000  -3.913034000
2955  81.44768000 -24.247570000
2956  62.67937000 -20.088210000
2957  54.33532000   1.649464000
2958  75.66274000 -15.758750000
2959  80.03555000 -14.611740000
2960  60.50964000 -18.805880000
2961  69.59802000 -15.571550000
2962  63.66285000 -30.482150000
2963  56.05253000  -7.357508000
2964  64.07648000  -4.398561000
2965  64.70491000 -10.376570000
2966  80.56889000  14.507990000
2967  86.61128000  -7.867749000
2968  76.73148000 -16.839390000
2969  68.25068000  -7.142002000
2970  83.53589000 -22.031760000
2971  84.63376000 -10.654310000
2972  59.70858000  -7.022610000
2973  66.62059000   0.278247200
2974  79.44290000 -20.880200000
2975  59.14149000  -3.268589000
2976  62.93142000  -9.672550000
2977  76.28171000   6.197267000
2978  81.78130000 -17.894410000
2979  49.64519000 -20.291110000
2980  58.37999000 -12.982000000
2981  74.68241000 -22.742850000
2982  88.04622000   2.738940000
2983  41.72015000  -7.237918000
2984  61.91275000 -12.987290000
2985  74.79148000 -17.637640000
2986  61.99087000 -15.765600000
2987  82.01159000 -18.703770000
2988  78.71038000 -15.101860000
2989  85.51906000 -22.094270000
2990  76.53640000 -11.392540000
2991  48.34201000  -9.150550000
2992  69.69287000  -7.067629000
2993  79.86285000 -16.017710000
2994  69.80298000   4.938050000
2995  83.65175000 -18.739220000
2996  85.65280000  -6.461061000
2997  82.77088000  -2.373299000
2998  64.46532000 -10.501360000
2999  90.72282000 -12.255840000
3000  64.87976000 -24.877310000

