2.072345,-3.241693,0
-3.241693,17.936710,0
17.936710,15.784810,0
15.784810,1.083576,0
1.083576,7.319176,0
7.319176,11.120670,0
11.120670,14.406780,0
14.406780,23.711550,0
23.711550,2.557729,0
2.557729,24.169930,0
24.169930,32.024780,0
32.024780,21.665780,0
21.665780,4.892855,0
4.892855,4.693684,0
4.693684,12.342170,0
12.342170,19.211910,0
19.211910,-1.121366,0
-1.121366,4.230391,0
4.230391,-4.441536,0
-4.441536,9.127130,0
9.127130,23.605720,0
23.605720,0.407503,0
0.407503,15.297050,0
15.297050,7.314846,0
7.314846,3.309312,0
3.309312,-3.438403,0
-3.438403,-12.025270,0
-12.025270,17.639350,0
17.639350,-3.212345,0
-3.212345,4.415292,0
4.415292,22.815550,0
22.815550,11.941220,0
11.941220,8.122487,0
8.122487,0.725853,0
0.725853,1.806819,0
1.806819,8.185273,0
8.185273,28.132600,0
28.132600,-5.773587,0
-5.773587,1.024800,0
1.024800,18.769430,0
18.769430,24.169460,0
24.169460,7.752016,0
7.752016,-3.334991,0
-3.334991,10.611320,0
10.611320,28.443780,0
28.443780,2.021650,0
2.021650,-4.687122,0
-4.687122,5.145525,0
5.145525,11.186000,0
11.186000,6.243310,0
6.243310,19.477160,0
19.477160,-11.706710,0
-11.706710,8.073185,0
8.073185,7.255978,0
7.255978,14.637040,0
14.637040,3.392373,0
3.392373,1.220712,0
1.220712,24.299900,0
24.299900,40.428870,0
40.428870,4.094005,0
4.094005,6.944695,0
6.944695,11.803580,0
11.803580,-2.445336,0
-2.445336,0.092288,0
0.092288,-6.651035,0
-6.651035,28.506070,0
28.506070,-9.091833,0
-9.091833,23.408310,0
23.408310,7.931438,0
7.931438,10.563050,0
10.563050,12.544680,0
12.544680,20.141570,0
20.141570,11.117890,0
11.117890,-1.871265,0
-1.871265,8.608850,0
8.608850,29.302370,0
29.302370,14.021760,0
14.021760,18.653830,0
18.653830,17.216720,0
17.216720,-2.972188,0
-2.972188,6.370999,0
6.370999,10.323130,0
10.323130,12.115740,0
12.115740,16.905390,0
16.905390,-1.355044,0
-1.355044,6.753710,0
6.753710,12.027970,0
12.027970,23.947770,0
23.947770,13.350470,0
13.350470,6.883513,0
6.883513,6.188563,0
6.188563,-1.241542,0
-1.241542,10.081790,0
10.081790,20.508270,0
20.508270,-1.578870,0
-1.578870,-3.756830,0
-3.756830,1.608510,0
1.608510,17.917600,0
17.917600,13.098960,0
13.098960,2.002537,0
2.002537,-0.656524,0
-0.656524,10.776800,0
10.776800,15.533600,0
15.533600,24.158190,0
24.158190,5.330366,0
5.330366,0.326873,0
0.326873,7.288787,0
7.288787,21.647770,0
21.647770,14.005060,0
14.005060,6.871417,0
6.871417,21.519980,0
21.519980,15.142640,0
15.142640,5.111947,0
5.111947,11.547120,0
11.547120,4.757560,0
4.757560,0.661168,0
0.661168,-10.142630,0
-10.142630,-13.665310,0
-13.665310,16.939030,0
16.939030,24.909370,0
24.909370,-10.820380,0
-10.820380,-4.530220,0
-4.530220,-6.173767,0
-6.173767,3.163677,0
3.163677,8.051481,0
8.051481,1.495172,0
1.495172,-7.261601,0
-7.261601,7.097637,0
7.097637,2.105751,0
2.105751,3.509483,0
3.509483,24.584870,0
24.584870,12.998790,0
12.998790,24.912480,0
24.912480,0.359382,0
0.359382,6.387915,0
6.387915,14.354290,0
14.354290,-2.252421,0
-2.252421,3.831208,0
3.831208,-2.000873,0
-2.000873,31.404620,0
31.404620,26.772090,0
26.772090,-5.501097,0
-5.501097,13.391280,0
13.391280,-1.044760,0
-1.044760,5.955898,0
5.955898,4.409013,0
4.409013,9.323681,0
9.323681,2.917201,0
2.917201,16.539990,0
16.539990,7.265954,0
7.265954,10.647940,0
10.647940,10.320380,0
10.320380,13.368570,0
13.368570,9.352130,0
9.352130,10.424270,0
10.424270,6.648532,0
6.648532,11.075350,0
11.075350,-1.922306,0
-1.922306,4.888493,0
4.888493,7.226040,0
7.226040,13.029480,0
13.029480,8.327288,0
8.327288,8.540999,0
8.540999,17.690460,0
17.690460,21.595550,0
21.595550,16.583530,0
16.583530,18.161150,0
18.161150,12.354250,0
12.354250,31.967080,0
31.967080,2.471138,0
2.471138,5.482761,0
5.482761,18.492500,0
18.492500,29.424210,0
29.424210,10.119600,0
10.119600,7.162078,0
7.162078,20.402450,0
20.402450,3.943319,0
3.943319,12.715890,0
12.715890,4.531656,0
4.531656,24.358590,0
24.358590,-4.064400,0
-4.064400,21.743120,0
21.743120,15.908870,0
15.908870,12.272080,0
12.272080,-9.612116,0
-9.612116,18.296810,0
18.296810,22.385630,0
22.385630,3.530957,0
3.530957,8.673297,0
8.673297,5.026042,0
5.026042,36.037670,0
36.037670,-0.863301,0
-0.863301,-7.586249,0
-7.586249,26.838920,0
26.838920,13.137130,0
13.137130,19.119990,0
19.119990,7.209715,0
7.209715,-0.884164,0
-0.884164,27.152540,0
27.152540,-5.191529,0
-5.191529,29.656120,0
29.656120,9.796095,0
9.796095,15.435980,0
15.435980,11.663140,0
11.663140,10.634280,0
10.634280,9.925199,0
9.925199,26.803640,0
26.803640,33.909980,0
33.909980,15.026520,0
15.026520,9.570040,0
9.570040,9.248100,0
9.248100,-16.265300,0
-16.265300,13.900240,0
13.900240,15.105790,0
15.105790,3.350049,0
3.350049,-4.186504,0
-4.186504,7.964410,0
7.964410,12.548160,0
12.548160,32.518670,0
32.518670,-7.733469,0
-7.733469,9.634491,0
9.634491,18.913370,0
18.913370,15.741400,0
15.741400,-1.050022,0
-1.050022,-4.003455,0
-4.003455,-6.894765,0
-6.894765,1.041802,0
1.041802,23.050310,0
23.050310,-12.769340,0
-12.769340,25.960730,0
25.960730,11.445220,0
11.445220,7.950795,0
7.950795,6.811407,0
6.811407,-3.669517,0
-3.669517,-4.329696,0
-4.329696,10.522660,0
10.522660,23.356100,0
23.356100,26.294520,0
26.294520,10.518060,0
10.518060,12.429040,0
12.429040,23.156630,0
23.156630,0.117024,0
0.117024,24.652740,0
24.652740,-1.040023,0
-1.040023,1.629857,0
1.629857,11.162660,0
11.162660,9.020100,0
9.020100,13.614520,0
13.614520,0.883219,0
0.883219,8.028045,0
8.028045,14.829660,0
14.829660,20.402530,0
20.402530,22.047200,0
22.047200,8.818028,0
8.818028,18.904240,0
18.904240,-0.316315,0
-0.316315,21.406010,0
21.406010,7.190193,0
7.190193,9.139620,0
9.139620,-0.471147,0
-0.471147,-8.290950,0
-8.290950,16.654600,0
16.654600,-1.519889,0
-1.519889,10.517110,0
10.517110,-5.018592,0
-5.018592,17.963060,0
17.963060,14.467130,0
14.467130,-1.315535,0
-1.315535,11.602700,0
11.602700,5.113728,0
5.113728,3.961434,0
3.961434,32.258420,0
32.258420,-2.712702,0
-2.712702,-10.590940,0
-10.590940,15.402920,0
15.402920,21.608920,0
21.608920,17.750020,0
17.750020,11.311440,0
11.311440,1.031762,0
1.031762,11.305950,0
11.305950,3.068958,0
3.068958,15.511370,0
15.511370,8.943091,0
8.943091,15.372010,0
15.372010,18.179220,0
18.179220,3.777550,0
3.777550,13.334190,0
13.334190,17.279890,0
17.279890,13.977980,0
13.977980,-3.349734,0
-3.349734,26.659900,0
26.659900,15.725710,0
15.725710,6.373983,0
6.373983,25.509990,0
25.509990,15.158370,0
15.158370,16.682810,0
16.682810,18.959370,0
18.959370,-4.734694,0
-4.734694,24.095680,0
24.095680,25.087950,0
25.087950,19.693760,0
19.693760,7.038364,0
7.038364,10.666700,0
10.666700,4.521214,0
4.521214,-6.635304,0
-6.635304,6.454509,0
6.454509,13.662720,0
13.662720,5.322541,0
5.322541,22.385500,0
22.385500,0.631653,0
0.631653,19.794140,0
19.794140,-5.669132,0
-5.669132,11.325110,0
11.325110,9.843806,0
9.843806,-4.695499,0
-4.695499,15.391680,0
15.391680,14.145270,0
14.145270,1.289581,0
1.289581,10.099480,0
10.099480,17.103340,0
17.103340,6.207793,0
6.207793,17.132730,0
17.132730,6.609228,0
6.609228,9.701760,0
9.701760,12.334970,0
12.334970,18.803510,0
18.803510,-3.160759,0
-3.160759,6.084780,0
6.084780,4.689186,0
4.689186,-6.025192,0
-6.025192,26.612580,0
26.612580,4.237603,0
4.237603,7.315439,0
7.315439,16.822310,0
16.822310,8.133560,0
8.133560,-4.768829,0
-4.768829,28.658190,0
28.658190,0.506142,0
0.506142,4.946298,0
4.946298,12.573490,0
12.573490,10.414940,0
10.414940,16.353740,0
16.353740,6.874306,0
6.874306,0.100974,0
0.100974,2.590253,0
2.590253,13.675560,0
13.675560,-12.729590,0
-12.729590,2.477362,0
2.477362,8.420260,0
8.420260,14.992790,0
14.992790,15.163930,0
15.163930,29.717110,0
29.717110,15.628740,0
15.628740,17.484910,0
17.484910,3.382300,0
3.382300,13.458150,0
13.458150,-4.137640,0
-4.137640,2.207200,0
2.207200,-1.554494,0
-1.554494,23.051340,0
23.051340,24.394910,0
24.394910,32.742220,0
32.742220,25.566410,0
25.566410,15.562970,0
15.562970,24.942620,0
24.942620,8.132651,0
8.132651,8.998712,0
8.998712,0.458087,0
0.458087,-9.891244,0
-9.891244,-9.164294,0
-9.164294,5.029294,0
5.029294,-3.031709,0
-3.031709,20.233460,0
20.233460,12.123930,0
12.123930,15.103000,0
15.103000,19.952810,0
19.952810,29.149820,0
29.149820,13.004770,0
13.004770,27.230930,0
27.230930,10.439900,0
10.439900,25.774100,0
25.774100,0.351724,0
0.351724,12.222200,0
12.222200,10.373120,0
10.373120,6.863773,0
6.863773,17.954190,0
17.954190,4.455694,0
4.455694,21.062920,0
21.062920,3.607867,0
3.607867,6.069686,0
6.069686,9.325338,0
9.325338,14.008080,0
14.008080,11.522500,0
11.522500,-1.777792,0
-1.777792,14.621080,0
14.621080,0.752570,0
0.752570,-7.381838,0
-7.381838,-2.329547,0
-2.329547,5.070321,0
5.070321,1.774570,0
1.774570,6.278572,0
6.278572,10.695760,0
10.695760,16.305710,0
16.305710,18.111510,0
18.111510,34.124220,0
34.124220,0.241777,0
0.241777,27.046430,0
27.046430,-0.420235,0
-0.420235,4.105829,0
4.105829,15.414250,0
15.414250,14.782570,0
14.782570,8.463556,0
8.463556,23.048950,0
23.048950,12.030720,0
12.030720,17.411570,0
17.411570,18.687310,0
18.687310,6.949079,0
6.949079,6.369355,0
6.369355,5.700326,0
5.700326,21.829240,0
21.829240,5.564074,0
5.564074,7.615410,0
7.615410,-5.024377,0
-5.024377,5.823252,0
5.823252,18.402790,0
18.402790,22.352030,0
22.352030,8.526174,0
8.526174,6.434616,0
6.434616,21.169740,0
21.169740,0.556095,0
0.556095,-4.866076,0
-4.866076,6.737062,0
6.737062,-11.733100,0
-11.733100,-1.392677,0
-1.392677,14.645430,0
14.645430,4.935136,0
4.935136,24.868090,0
24.868090,20.355080,0
20.355080,26.981240,0
26.981240,8.624667,0
8.624667,10.671740,0
10.671740,16.317490,0
16.317490,11.640830,0
11.640830,9.014875,0
9.014875,14.422460,0
14.422460,17.598330,0
17.598330,26.660230,0
26.660230,2.636649,0
2.636649,24.047820,0
24.047820,13.826060,0
13.826060,16.271590,0
16.271590,10.397830,0
10.397830,3.804893,0
3.804893,-6.273590,0
-6.273590,3.878999,0
3.878999,-11.880570,0
-11.880570,0.178802,0
0.178802,21.020480,0
21.020480,9.690716,0
9.690716,18.256320,0
18.256320,16.941270,0
16.941270,24.963510,0
24.963510,-1.158215,0
-1.158215,10.136960,0
10.136960,6.446662,0
6.446662,3.509066,0
3.509066,16.554140,0
16.554140,2.409921,0
2.409921,-0.344519,0
-0.344519,16.084300,0
16.084300,7.562616,0
7.562616,5.987025,0
5.987025,7.456533,0
7.456533,12.639020,0
12.639020,14.350810,0
14.350810,7.392535,0
7.392535,22.613040,0
22.613040,10.372120,0
10.372120,-1.258270,0
-1.258270,-19.017910,0
-19.017910,0.650730,0
0.650730,3.030817,0
3.030817,4.580993,0
4.580993,34.030300,0
34.030300,-3.716423,0
-3.716423,-5.843476,0
-5.843476,13.791370,0
13.791370,36.956110,0
36.956110,-1.245269,0
-1.245269,-0.188409,0
-0.188409,-1.866530,0
-1.866530,17.282850,0
17.282850,1.558553,0
1.558553,8.920400,0
8.920400,29.194550,0
29.194550,-5.873556,0
-5.873556,6.456733,0
6.456733,17.762590,0
17.762590,24.022930,0
24.022930,12.494820,0
12.494820,22.470670,0
22.470670,12.608700,0
12.608700,3.212588,0
3.212588,3.606599,0
3.606599,14.247890,0
14.247890,20.483420,0
20.483420,13.745310,0
13.745310,31.642300,0
31.642300,13.046850,0
13.046850,4.745898,0
4.745898,7.317133,0
7.317133,-5.295478,0
-5.295478,6.001008,0
6.001008,7.238307,0
7.238307,19.986310,0
19.986310,6.144599,0
6.144599,19.910340,0
19.910340,9.837835,0
9.837835,8.336385,0
8.336385,18.646950,0
18.646950,5.146764,0
5.146764,-0.563863,0
-0.563863,9.673976,0
9.673976,5.213680,0
5.213680,21.831430,0
21.831430,-0.199388,0
-0.199388,9.176207,0
9.176207,22.428310,0
22.428310,8.390862,0
8.390862,19.395610,0
19.395610,-7.412824,0
-7.412824,31.284280,0
31.284280,4.131464,0
4.131464,8.380888,0
8.380888,0.264759,0
0.264759,7.840690,0
7.840690,13.200620,0
13.200620,23.859920,0
23.859920,6.171501,0
6.171501,6.188661,0
6.188661,24.926380,0
24.926380,18.083870,0
18.083870,19.742080,0
19.742080,14.230960,0
14.230960,12.438150,0
12.438150,14.480700,0
14.480700,8.661634,0
8.661634,30.919870,0
30.919870,17.577550,0
17.577550,4.117051,0
4.117051,3.299065,0
3.299065,18.100720,0
18.100720,9.572447,0
9.572447,-3.777019,0
-3.777019,1.115207,0
1.115207,18.471560,0
18.471560,8.861407,0
8.861407,30.691950,0
30.691950,21.913200,0
21.913200,1.838687,0
1.838687,13.176500,0
13.176500,14.221350,0
14.221350,16.961630,0
16.961630,27.709610,0
27.709610,10.525750,0
10.525750,9.956135,0
9.956135,7.890054,0
7.890054,11.727300,0
11.727300,14.000860,0
14.000860,2.154482,0
2.154482,14.163470,0
14.163470,-0.212043,0
-0.212043,1.330881,0
1.330881,-1.738983,0
-1.738983,16.984900,0
16.984900,2.299075,0
2.299075,-0.293426,0
-0.293426,22.011490,0
22.011490,-0.446946,0
-0.446946,4.275241,0
4.275241,16.673830,0
16.673830,19.389430,0
19.389430,4.436821,0
4.436821,8.807220,0
8.807220,13.238230,0
13.238230,-0.765818,0
-0.765818,-4.004811,0
-4.004811,12.691280,0
12.691280,13.529160,0
13.529160,12.731310,0
12.731310,7.050802,0
7.050802,8.388222,0
8.388222,23.453470,0
23.453470,23.427080,0
23.427080,4.598641,0
4.598641,4.046104,0
4.046104,7.634936,0
7.634936,7.667025,0
7.667025,3.193633,0
3.193633,22.608010,0
22.608010,5.130320,0
5.130320,14.743910,0
14.743910,28.767330,0
28.767330,20.532010,0
20.532010,8.015650,0
8.015650,16.460370,0
16.460370,16.815310,0
16.815310,12.706690,0
12.706690,11.482140,0
11.482140,-1.474059,0
-1.474059,3.329562,0
3.329562,35.049610,0
35.049610,14.448400,0
14.448400,2.529177,0
2.529177,15.567210,0
15.567210,28.996100,0
28.996100,-15.578340,0
-15.578340,10.578780,0
10.578780,6.307686,0
6.307686,5.528150,0
5.528150,14.124270,0
14.124270,12.480160,0
12.480160,2.728922,0
2.728922,18.100280,0
18.100280,3.891689,0
3.891689,11.171250,0
11.171250,11.100630,0
11.100630,14.585380,0
14.585380,25.992130,0
25.992130,27.215670,0
27.215670,-1.980637,0
-1.980637,-1.402710,0
-1.402710,22.375500,0
22.375500,-14.668710,0
-14.668710,9.792318,0
9.792318,28.251570,0
28.251570,14.285070,0
14.285070,2.688756,0
2.688756,3.029997,0
3.029997,9.583440,0
9.583440,12.005060,0
12.005060,3.657720,0
3.657720,1.649871,0
1.649871,3.575705,0
3.575705,14.802410,0
14.802410,34.625570,0
34.625570,4.384648,0
4.384648,36.122920,0
36.122920,12.058490,0
12.058490,12.560650,0
12.560650,-4.733039,0
-4.733039,37.483640,0
37.483640,34.128080,0
34.128080,1.915274,0
1.915274,22.280560,0
22.280560,18.140290,0
18.140290,3.569117,0
3.569117,-1.214981,0
-1.214981,-3.318584,0
-3.318584,7.646434,0
7.646434,29.922590,0
29.922590,-2.844509,0
-2.844509,13.711180,0
13.711180,14.627330,0
14.627330,16.493300,0
16.493300,-0.374269,0
-0.374269,15.064950,0
15.064950,10.157950,0
10.157950,13.336120,0
13.336120,19.457400,0
19.457400,11.293070,0
11.293070,-6.236440,0
-6.236440,9.581524,0
9.581524,0.287064,0
0.287064,6.756246,0
6.756246,7.025387,0
7.025387,8.299629,0
8.299629,6.205405,0
6.205405,29.419310,0
29.419310,12.373040,0
12.373040,4.152157,0
4.152157,-8.001964,0
-8.001964,15.628430,0
15.628430,9.879504,0
9.879504,13.943650,0
13.943650,12.832220,0
12.832220,20.983750,0
20.983750,10.711420,0
10.711420,18.593330,0
18.593330,10.097040,0
10.097040,9.915216,0
9.915216,17.899630,0
17.899630,6.451302,0
6.451302,-6.720686,0
-6.720686,14.993670,0
14.993670,3.712734,0
3.712734,7.361372,0
7.361372,-16.223950,0
-16.223950,17.817850,0
17.817850,8.714180,0
8.714180,24.101220,0
24.101220,17.052540,0
17.052540,5.227864,0
5.227864,-14.691710,0
-14.691710,31.799870,0
31.799870,7.943416,0
7.943416,10.268030,0
10.268030,14.004980,0
14.004980,21.547210,0
21.547210,-1.302871,0
-1.302871,2.063343,0
2.063343,-0.762477,0
-0.762477,7.001412,0
7.001412,21.546260,0
21.546260,21.134780,0
21.134780,1.232726,0
1.232726,12.782340,0
12.782340,1.602791,0
1.602791,2.210584,0
2.210584,-6.679344,0
-6.679344,12.619190,0
12.619190,-6.892540,0
-6.892540,2.942795,0
2.942795,12.324270,0
12.324270,22.682940,0
22.682940,21.024680,0
21.024680,26.137880,0
26.137880,6.443124,0
6.443124,-3.984948,0
-3.984948,22.391990,0
22.391990,13.589070,0
13.589070,18.065980,0
18.065980,2.753522,0
2.753522,8.136961,0
8.136961,22.734040,0
22.734040,13.142080,0
13.142080,24.212350,0
24.212350,11.514510,0
11.514510,15.922280,0
15.922280,-2.505605,0
-2.505605,15.307410,0
15.307410,3.299590,0
3.299590,13.248400,0
13.248400,-4.795219,0
-4.795219,1.215830,0
1.215830,29.084780,0
29.084780,10.301370,0
10.301370,5.124920,0
5.124920,4.627426,0
4.627426,17.060780,0
17.060780,9.965354,0
9.965354,-0.340825,0
-0.340825,11.859590,0
11.859590,15.295320,0
15.295320,9.076950,0
9.076950,6.399950,0
6.399950,23.046720,0
23.046720,14.522430,0
14.522430,17.693360,0
17.693360,28.856730,0
28.856730,4.007334,0
4.007334,10.771920,0
10.771920,5.787269,0
5.787269,7.428645,0
7.428645,15.777050,0
15.777050,-6.637651,0
-6.637651,14.047110,0
14.047110,17.088120,0
17.088120,8.223101,0
8.223101,15.077570,0
15.077570,-13.689430,0
-13.689430,-22.152150,0
-22.152150,9.511638,0
9.511638,5.045310,0
5.045310,1.784843,0
1.784843,-2.521792,0
-2.521792,-7.603830,0
-7.603830,32.855050,0
32.855050,0.321004,0
0.321004,6.070759,0
6.070759,5.579687,0
5.579687,3.508814,0
3.508814,-3.738329,0
-3.738329,9.818843,0
9.818843,2.407706,0
2.407706,11.933530,0
11.933530,18.784670,0
18.784670,2.850058,0
2.850058,-4.314890,0
-4.314890,5.204080,0
5.204080,6.957638,0
6.957638,13.563490,0
13.563490,9.160740,0
9.160740,2.631175,0
2.631175,5.677225,0
5.677225,6.517994,0
6.517994,-0.974309,0
-0.974309,15.800810,0
15.800810,19.642330,0
19.642330,14.073880,0
14.073880,-1.577052,0
-1.577052,-3.888388,0
-3.888388,0.406288,0
0.406288,18.691510,0
18.691510,10.061340,0
10.061340,21.091200,0
21.091200,26.459510,0
26.459510,2.459292,0
2.459292,6.838326,0
6.838326,6.513192,0
6.513192,-0.724332,0
-0.724332,24.306300,0
24.306300,14.397510,0
14.397510,13.945590,0
13.945590,0.758121,0
0.758121,-2.664707,0
-2.664707,-6.369480,0
-6.369480,8.106246,0
8.106246,0.492009,0
0.492009,17.073170,0
17.073170,25.841980,0
25.841980,6.049433,0
6.049433,22.929620,0
22.929620,23.940250,0
23.940250,27.279810,0
27.279810,-7.401308,0
-7.401308,-3.555808,0
-3.555808,2.926755,0
2.926755,22.416980,0
22.416980,-2.774311,0
-2.774311,-21.360680,0
-21.360680,-3.094624,0
-3.094624,16.603750,0
16.603750,15.663380,0
15.663380,18.608180,0
18.608180,22.369400,0
22.369400,20.297010,0
20.297010,-0.984013,0
-0.984013,23.246100,0
23.246100,28.634850,0
28.634850,4.797180,0
4.797180,21.880140,0
21.880140,12.667410,0
12.667410,-3.621506,0
-3.621506,4.750143,0
4.750143,12.521110,0
12.521110,8.464080,0
8.464080,-22.495990,0
-22.495990,0.139292,0
0.139292,17.333610,0
17.333610,3.268888,0
3.268888,-6.884011,0
-6.884011,-1.824905,0
-1.824905,10.211540,0
10.211540,24.452110,0
24.452110,12.148090,0
12.148090,12.065760,0
12.065760,-1.924867,0
-1.924867,-0.136134,0
-0.136134,21.601870,0
21.601870,10.233030,0
10.233030,15.663420,0
15.663420,13.893720,0
13.893720,15.021200,0
15.021200,9.187742,0
9.187742,13.601860,0
13.601860,16.886550,0
16.886550,4.554105,0
4.554105,37.176320,0
37.176320,12.560630,0
12.560630,7.900061,0
7.900061,-11.534640,0
-11.534640,11.639520,0
11.639520,24.587980,0
24.587980,1.860825,0
1.860825,-8.381909,0
-8.381909,14.354070,0
14.354070,-6.114265,0
-6.114265,7.363373,0
7.363373,-5.198610,0
-5.198610,12.786760,0
12.786760,21.179850,0
21.179850,10.369810,0
10.369810,6.734995,0
6.734995,23.199330,0
23.199330,10.196980,0
10.196980,15.431110,0
15.431110,12.040760,0
12.040760,17.236490,0
17.236490,25.868290,0
25.868290,2.396404,0
2.396404,-5.335044,0
-5.335044,7.578044,0
7.578044,9.824228,0
9.824228,6.069330,0
6.069330,14.249670,0
14.249670,27.393510,0
27.393510,5.553391,0
5.553391,13.306260,0
13.306260,9.224884,0
9.224884,-2.702723,0
-2.702723,16.727430,0
16.727430,15.952370,0
15.952370,13.197140,0
13.197140,14.475180,0
14.475180,13.476720,0
13.476720,-4.123874,0
-4.123874,6.283490,0
6.283490,11.550910,0
11.550910,15.386180,0
15.386180,-8.226192,0
-8.226192,10.968150,0
10.968150,9.922543,0
9.922543,14.392500,0
14.392500,3.203174,0
3.203174,22.919660,0
22.919660,20.666880,0
20.666880,12.994200,0
12.994200,15.348600,0
15.348600,24.388120,0
24.388120,18.263950,0
18.263950,-9.467832,0
-9.467832,0.643459,0
0.643459,-5.988947,0
-5.988947,22.670490,0
22.670490,-1.766619,0
-1.766619,18.508180,0
18.508180,-2.997209,0
-2.997209,15.362090,0
15.362090,-2.980586,0
-2.980586,14.541870,0
14.541870,19.185250,0
19.185250,12.055870,0
12.055870,18.620520,0
18.620520,-6.348775,0
-6.348775,4.541831,0
4.541831,3.586799,0
3.586799,2.029832,0
2.029832,35.523950,0
35.523950,18.081330,0
18.081330,6.853875,0
6.853875,16.551840,0
16.551840,29.259780,0
29.259780,20.814870,0
20.814870,0.204134,0
0.204134,4.773241,0
4.773241,11.550610,0
11.550610,17.541230,0
17.541230,24.489170,0
24.489170,11.232000,0
11.232000,27.956590,0
27.956590,19.884130,0
19.884130,3.373490,0
3.373490,-3.511829,0
-3.511829,6.036160,0
6.036160,19.837890,0
19.837890,5.660164,0
5.660164,21.581100,0
21.581100,2.308901,0
2.308901,12.775480,0
12.775480,11.261710,0
11.261710,-3.640386,0
-3.640386,-8.611116,0
-8.611116,22.193900,0
22.193900,13.675070,0
13.675070,24.528090,0
24.528090,3.520373,0
3.520373,-2.055682,0
-2.055682,19.063500,0
19.063500,22.104970,0
22.104970,10.322310,0
10.322310,11.013410,0
11.013410,25.311040,0
25.311040,19.344160,0
19.344160,17.969070,0
17.969070,-3.011348,0
-3.011348,22.654030,0
22.654030,4.864152,0
4.864152,-1.246120,0
-1.246120,-12.933810,0
-12.933810,4.052313,0
4.052313,-3.225042,0
-3.225042,2.066012,0
2.066012,27.516310,0
27.516310,9.726160,0
9.726160,15.956890,0
15.956890,0.290234,0
0.290234,5.763955,0
5.763955,18.514030,0
18.514030,24.531130,0
24.531130,23.726830,0
23.726830,12.137760,0
12.137760,-1.241701,0
-1.241701,-6.742276,0
-6.742276,10.888800,0
10.888800,1.712732,0
1.712732,14.684230,0
14.684230,4.114345,0
4.114345,23.436940,0
23.436940,24.574230,0
24.574230,17.209250,0
17.209250,12.091480,0
12.091480,-2.061826,0
-2.061826,6.380095,0
6.380095,19.504010,0
19.504010,15.488100,0
15.488100,21.719080,0
21.719080,3.572731,0
3.572731,-3.078149,0
-3.078149,26.356690,0
26.356690,20.472120,0
20.472120,14.784710,0
14.784710,23.345860,0
23.345860,-1.279279,0
-1.279279,0.933004,0
0.933004,0.011292,0
0.011292,8.008012,0
8.008012,5.984768,0
5.984768,1.961941,0
1.961941,8.858572,0
8.858572,17.184720,0
17.184720,19.376490,0
19.376490,2.122504,0
2.122504,9.105790,0
9.105790,19.511550,0
19.511550,9.643453,0
9.643453,6.241649,0
6.241649,-3.109174,0
-3.109174,18.918630,0
18.918630,10.541000,0
10.541000,-3.394954,0
-3.394954,4.573325,0
4.573325,11.782970,0
11.782970,22.986760,0
22.986760,10.073590,0
10.073590,-10.779610,0
-10.779610,14.082710,0
14.082710,5.632920,0
5.632920,18.089590,0
18.089590,5.782557,0
5.782557,12.321680,0
12.321680,27.190300,0
27.190300,10.582440,0
10.582440,8.920820,0
8.920820,30.341880,0
30.341880,-1.781047,0
-1.781047,10.987730,0
10.987730,-0.727500,0
-0.727500,-7.879213,0
-7.879213,23.339980,0
23.339980,16.666430,0
16.666430,16.005850,0
16.005850,1.374964,0
1.374964,22.971080,0
22.971080,15.717200,0
15.717200,8.993785,0
8.993785,-9.014578,0
-9.014578,8.249774,0
8.249774,-2.679776,0
-2.679776,5.368688,0
5.368688,12.605160,0
12.605160,25.455150,0
25.455150,22.222580,0
22.222580,16.101490,0
16.101490,11.385470,0
11.385470,25.942300,0
25.942300,5.396589,0
5.396589,13.968510,0
13.968510,23.807300,0
23.807300,1.059773,0
1.059773,2.482886,0
2.482886,11.198960,0
11.198960,27.349230,0
27.349230,10.018480,0
10.018480,12.379000,0
12.379000,-5.964017,0
-5.964017,14.309570,0
14.309570,14.692720,0
14.692720,13.940270,0
13.940270,5.162226,0
5.162226,-3.949188,0
-3.949188,16.136540,0
16.136540,2.491281,0
2.491281,-8.427487,0
-8.427487,17.285690,0
17.285690,17.460260,0
17.460260,23.529850,0
23.529850,4.839787,0
4.839787,2.035094,0
2.035094,24.780750,0
24.780750,8.787683,0
8.787683,3.285310,0
3.285310,-2.704306,0
-2.704306,1.317184,0
1.317184,13.352890,0
13.352890,5.000647,0
5.000647,13.505620,0
13.505620,-2.902717,0
-2.902717,2.240290,0
2.240290,12.860820,0
12.860820,12.729260,0
12.729260,6.369858,0
6.369858,11.566530,0
11.566530,5.913160,0
5.913160,24.229810,0
24.229810,-4.098757,0
-4.098757,-5.008349,0
-5.008349,-0.762594,0
-0.762594,18.579800,0
18.579800,15.585060,0
15.585060,11.273190,0
11.273190,5.403196,0
5.403196,11.220430,0
11.220430,-1.124667,0
-1.124667,31.281720,0
31.281720,6.120589,0
6.120589,10.168240,0
10.168240,6.075850,0
6.075850,31.160290,0
31.160290,-8.399909,0
-8.399909,8.830895,0
8.830895,36.178820,0
36.178820,-22.177600,0
-22.177600,2.199297,0
2.199297,12.845480,0
12.845480,8.845364,0
8.845364,21.625960,0
21.625960,-14.181040,0
-14.181040,1.871214,0
1.871214,34.640860,0
34.640860,11.649930,0
11.649930,-0.769670,0
-0.769670,8.424690,0
8.424690,-6.124470,0
-6.124470,23.054650,0
23.054650,-14.651420,0
-14.651420,10.969500,0
10.969500,11.587030,0
11.587030,14.496580,0
14.496580,0.820450,0
0.820450,10.623220,0
10.623220,28.504900,0
28.504900,10.303360,0
10.303360,-8.367840,0
-8.367840,4.386019,0
4.386019,32.451480,0
32.451480,7.488423,0
7.488423,6.733568,0
6.733568,18.124970,0
18.124970,10.644510,0
10.644510,16.768560,0
16.768560,3.219324,0
3.219324,19.570190,0
19.570190,10.745780,0
10.745780,27.003780,0
27.003780,4.207717,0
4.207717,2.851358,0
2.851358,13.874130,0
13.874130,13.780150,0
13.780150,-10.319620,0
-10.319620,15.460540,0
15.460540,11.652670,0
11.652670,1.743130,0
1.743130,25.784390,0
25.784390,2.961885,0
2.961885,12.487630,0
12.487630,18.156280,0
18.156280,7.276056,0
7.276056,14.082580,0
14.082580,9.188286,0
9.188286,18.244870,0
18.244870,7.066136,0
7.066136,17.039440,0
17.039440,2.462034,0
2.462034,7.644942,0
7.644942,12.100480,0
12.100480,15.328020,0
15.328020,-0.531199,0
-0.531199,13.145340,0
13.145340,10.191520,0
10.191520,5.414252,0
5.414252,8.348390,0
8.348390,17.093590,0
17.093590,-7.409304,0
-7.409304,15.464200,0
15.464200,15.994230,0
15.994230,13.512880,0
13.512880,-6.608865,0
-6.608865,-0.939307,0
-0.939307,13.865580,0
13.865580,6.094001,0
6.094001,24.649940,0
24.649940,6.494246,0
6.494246,20.518580,0
20.518580,17.595080,0
17.595080,11.261430,0
11.261430,2.013683,0
2.013683,5.034868,0
5.034868,7.499159,0
7.499159,1.194080,0
1.194080,23.507540,0
23.507540,13.191780,0
13.191780,12.763630,0
12.763630,9.728273,0
9.728273,11.807160,0
11.807160,13.933200,0
13.933200,15.747200,0
15.747200,18.436480,0
18.436480,12.182530,0
12.182530,12.607490,0
12.607490,32.622500,0
32.622500,6.429051,0
6.429051,1.972634,0
1.972634,12.332160,0
12.332160,-14.739580,0
-14.739580,17.025140,0
17.025140,8.819268,0
8.819268,39.890240,0
39.890240,23.996870,0
23.996870,20.989330,0
20.989330,17.296350,0
17.296350,11.653380,0
11.653380,-5.657587,0
-5.657587,15.091380,0
15.091380,25.026620,0
25.026620,11.227070,0
11.227070,-8.075131,0
-8.075131,10.765580,0
10.765580,-4.988425,0
-4.988425,3.910868,0
3.910868,18.411930,0
18.411930,9.769555,0
9.769555,15.268710,0
15.268710,12.989440,0
12.989440,5.868339,0
5.868339,15.621130,0
15.621130,6.474136,0
6.474136,10.133990,0
10.133990,-2.499796,0
-2.499796,1.272280,0
1.272280,6.644602,0
6.644602,28.939720,0
28.939720,2.331538,0
2.331538,-10.505140,0
-10.505140,20.750970,0
20.750970,0.224292,0
0.224292,22.164200,0
22.164200,23.209780,0
23.209780,11.409630,0
11.409630,17.610250,0
17.610250,1.974165,0
1.974165,7.379560,0
7.379560,-5.537147,0
-5.537147,10.101240,0
10.101240,5.680655,0
5.680655,18.153610,0
18.153610,9.892188,0
9.892188,21.836010,0
21.836010,26.091150,0
26.091150,19.940910,0
19.940910,14.921460,0
14.921460,-1.475135,0
-1.475135,8.282780,0
8.282780,-7.943031,0
-7.943031,-3.830219,0
-3.830219,11.304580,0
11.304580,8.819062,0
8.819062,20.764300,0
20.764300,6.118451,0
6.118451,12.468280,0
12.468280,7.275093,0
7.275093,16.640170,0
16.640170,1.672324,0
1.672324,-11.454660,0
-11.454660,7.741682,0
7.741682,7.891755,0
7.891755,-8.190833,0
-8.190833,5.295030,0
5.295030,24.111160,0
24.111160,6.695052,0
6.695052,20.870400,0
20.870400,5.536268,0
5.536268,15.659210,0
15.659210,-1.786147,0
-1.786147,18.384710,0
18.384710,10.109250,0
10.109250,19.378120,0
19.378120,12.364460,0
12.364460,25.654430,0
25.654430,24.260760,0
24.260760,6.211672,0
6.211672,-2.913374,0
-2.913374,-0.534563,0
-0.534563,19.304860,0
19.304860,14.990810,0
14.990810,-7.134083,0
-7.134083,-5.318560,0
-5.318560,6.658128,0
6.658128,-0.820713,0
-0.820713,13.567790,0
13.567790,3.181591,0
3.181591,9.165157,0
9.165157,12.444680,0
12.444680,16.576520,0
16.576520,19.440450,0
19.440450,13.040350,0
13.040350,25.823050,0
25.823050,12.101890,0
12.101890,-7.604383,0
-7.604383,3.820956,0
3.820956,7.389069,0
7.389069,10.485890,0
10.485890,11.974920,0
11.974920,15.893180,0
15.893180,17.604140,0
17.604140,4.465372,0
4.465372,18.839290,0
18.839290,6.583345,0
6.583345,25.999120,0
25.999120,-3.657566,0
-3.657566,8.821053,0
8.821053,9.940546,0
9.940546,-12.207430,0
-12.207430,28.135620,0
28.135620,-7.671818,0
-7.671818,7.351463,0
7.351463,3.724133,0
3.724133,25.149360,0
25.149360,4.756451,0
4.756451,-6.347524,0
-6.347524,11.700470,0
11.700470,8.469816,0
8.469816,1.854826,0
1.854826,15.922700,0
15.922700,21.054490,0
21.054490,13.162430,0
13.162430,22.884950,0
22.884950,6.611630,0
6.611630,7.602462,0
7.602462,14.552120,0
14.552120,-1.466516,0
-1.466516,5.984364,0
5.984364,2.761451,0
2.761451,-2.990747,0
-2.990747,18.679750,0
18.679750,10.477630,0
10.477630,13.960400,0
13.960400,15.706860,0
15.706860,3.711452,0
3.711452,31.102990,0
31.102990,3.897385,0
3.897385,-0.268285,0
-0.268285,14.073920,0
14.073920,15.771370,0
15.771370,3.525233,0
3.525233,-4.961974,0
-4.961974,27.054190,0
27.054190,10.785930,0
10.785930,2.022093,0
2.022093,18.067100,0
18.067100,31.107900,0
31.107900,7.007197,0
7.007197,16.157080,0
16.157080,5.324583,0
5.324583,16.398020,0
16.398020,25.699820,0
25.699820,3.056635,0
3.056635,20.720000,0
20.720000,23.589260,0
23.589260,2.090151,0
2.090151,9.112130,0
9.112130,14.571060,0
14.571060,-6.990855,0
-6.990855,15.511430,0
15.511430,-5.554229,0
-5.554229,25.349280,0
25.349280,25.962640,0
25.962640,-2.523716,0
-2.523716,6.682418,0
6.682418,-0.244671,0
-0.244671,-0.727191,0
-0.727191,-3.787227,0
-3.787227,2.679385,0
2.679385,4.146919,0
4.146919,13.849540,0
13.849540,3.629787,0
3.629787,-4.122870,0
-4.122870,27.083260,0
27.083260,19.225610,0
19.225610,9.194675,0
9.194675,18.396700,0
18.396700,12.343120,0
12.343120,2.642345,0
2.642345,7.808154,0
7.808154,4.437537,0
4.437537,11.609880,0
11.609880,7.291999,0
7.291999,5.989497,0
5.989497,8.107000,0
8.107000,4.259952,0
4.259952,9.585877,0
9.585877,16.388460,0
16.388460,16.908530,0
16.908530,5.568457,0
5.568457,7.260552,0
7.260552,22.813700,0
22.813700,7.456842,0
7.456842,14.048780,0
14.048780,15.927400,0
15.927400,3.027084,0
3.027084,7.603090,0
7.603090,18.737940,0
18.737940,0.024788,0
0.024788,28.056160,0
28.056160,31.567790,0
31.567790,-0.396364,0
-0.396364,-3.104964,0
-3.104964,-1.199626,0
-1.199626,12.690420,0
12.690420,0.727073,0
0.727073,2.261890,0
2.261890,27.091590,0
27.091590,15.824790,0
15.824790,8.936564,0
8.936564,4.499611,0
4.499611,18.233450,0
18.233450,15.642620,0
15.642620,-0.429218,0
-0.429218,2.211029,0
2.211029,15.660700,0
15.660700,19.989720,0
19.989720,14.233740,0
14.233740,15.762710,0
15.762710,5.829822,0
5.829822,10.344680,0
10.344680,4.230915,0
4.230915,1.735521,0
1.735521,12.191790,0
12.191790,15.038550,0
15.038550,5.103175,0
5.103175,3.641850,0
3.641850,7.088660,0
7.088660,6.265700,0
6.265700,0.013413,0
0.013413,14.393950,0
14.393950,16.070510,0
16.070510,12.183710,0
12.183710,31.602900,0
31.602900,8.552970,0
8.552970,-14.947270,0
-14.947270,16.596900,0
16.596900,38.043400,0
38.043400,2.138592,0
2.138592,24.306450,0
24.306450,7.067761,0
7.067761,29.127680,0
29.127680,5.911166,0
5.911166,2.734299,0
2.734299,9.551941,0
9.551941,5.490974,0
5.490974,15.109880,0
15.109880,25.769460,0
25.769460,3.324707,0
3.324707,15.677740,0
15.677740,28.046550,0
28.046550,27.459510,0
27.459510,4.004603,0
4.004603,6.715770,0
6.715770,17.919050,0
17.919050,4.453012,0
4.453012,4.265516,0
4.265516,21.778560,0
21.778560,12.285970,0
12.285970,12.709000,0
12.709000,12.255820,0
12.255820,6.460027,0
6.460027,2.503197,0
2.503197,-8.207786,0
-8.207786,27.729110,0
27.729110,9.914433,0
9.914433,14.120100,0
14.120100,14.485340,0
14.485340,4.178134,0
4.178134,15.604380,0
15.604380,1.943120,0
1.943120,-1.809368,0
-1.809368,9.662800,0
9.662800,16.426950,0
16.426950,-3.171427,0
-3.171427,6.084253,0
6.084253,10.333770,0
10.333770,8.627294,0
8.627294,-2.307430,0
-2.307430,14.286650,0
14.286650,3.929615,0
3.929615,-11.545320,0
-11.545320,-20.018880,0
-20.018880,5.575772,0
5.575772,10.673740,0
10.673740,-2.537058,0
-2.537058,10.258530,0
10.258530,20.090510,0
20.090510,9.338720,0
9.338720,-8.852350,0
-8.852350,13.480510,0
13.480510,4.209417,0
4.209417,17.801070,0
17.801070,10.579440,0
10.579440,13.805240,0
13.805240,1.864620,0
1.864620,11.398240,0
11.398240,10.848520,0
10.848520,18.485340,0
18.485340,-0.770336,0
-0.770336,24.880740,0
24.880740,14.369890,0
14.369890,10.341500,0
10.341500,1.489437,0
1.489437,-4.196310,0
-4.196310,26.449590,0
26.449590,3.562471,0
3.562471,-4.266789,0
-4.266789,3.653826,0
3.653826,8.976836,0
8.976836,18.403930,0
18.403930,20.774850,0
20.774850,13.182470,0
13.182470,27.637140,0
27.637140,19.139110,0
19.139110,16.293360,0
16.293360,8.550992,0
8.550992,16.878290,0
16.878290,14.832760,0
14.832760,16.825510,0
16.825510,9.976617,0
9.976617,5.165351,0
5.165351,6.985600,0
6.985600,50.974370,0
50.974370,19.260070,0
19.260070,-0.121684,0
-0.121684,14.117770,0
14.117770,-8.032165,0
-8.032165,11.651950,0
11.651950,-0.771191,0
-0.771191,9.478467,0
9.478467,7.822278,0
7.822278,4.635630,0
4.635630,-2.542693,0
-2.542693,31.299460,0
31.299460,12.415430,0
12.415430,10.056570,0
10.056570,10.447060,0
10.447060,6.147121,0
6.147121,10.027660,0
10.027660,15.330330,0
15.330330,15.528980,0
15.528980,5.241399,0
5.241399,9.747575,0
9.747575,11.990290,0
11.990290,19.981590,0
19.981590,14.541600,0
14.541600,18.364320,0
18.364320,-4.593780,0
-4.593780,13.227210,0
13.227210,7.873434,0
7.873434,-0.556877,0
-0.556877,6.233604,0
6.233604,7.476011,0
7.476011,16.644470,0
16.644470,-2.541061,0
-2.541061,16.414520,0
16.414520,14.304980,0
14.304980,11.848880,0
11.848880,3.967357,0
3.967357,20.728750,0
20.728750,0.227164,0
0.227164,29.084830,0
29.084830,11.573220,0
11.573220,14.535100,0
14.535100,2.318771,0
2.318771,19.858690,0
19.858690,1.748142,0
1.748142,10.938590,0
10.938590,17.782530,0
17.782530,4.558752,0
4.558752,-4.290225,0
-4.290225,4.425946,0
4.425946,16.531040,0
16.531040,4.671925,0
4.671925,7.546088,0
7.546088,10.278940,0
10.278940,13.152030,0
13.152030,8.540096,0
8.540096,0.530475,0
0.530475,18.334610,0
18.334610,21.358850,0
21.358850,27.100330,0
27.100330,-0.527498,0
-0.527498,17.296810,0
17.296810,12.945860,0
12.945860,12.236830,0
12.236830,20.560080,0
20.560080,-0.527743,0
-0.527743,0.369141,0
0.369141,-4.908590,0
-4.908590,10.885810,0
10.885810,-2.084885,0
-2.084885,1.047853,0
1.047853,14.662500,0
14.662500,17.284690,0
17.284690,1.177940,0
1.177940,8.224514,0
8.224514,18.212650,0
18.212650,18.796630,0
18.796630,1.558912,0
1.558912,2.294629,0
2.294629,11.462640,0
11.462640,13.163820,0
13.163820,15.708060,0
15.708060,11.968740,0
11.968740,22.318440,0
22.318440,18.146800,0
18.146800,1.836594,0
1.836594,6.309850,0
6.309850,10.423700,0
10.423700,12.498090,0
12.498090,13.023430,0
13.023430,6.254294,0
6.254294,28.356860,0
28.356860,20.579870,0
20.579870,19.258470,0
19.258470,-0.675866,0
-0.675866,6.132365,0
6.132365,-2.529020,0
-2.529020,29.848770,0
29.848770,2.531129,0
2.531129,31.624390,0
31.624390,16.988840,0
16.988840,14.579230,0
14.579230,2.599834,0
2.599834,20.394530,0
20.394530,6.326382,0
6.326382,0.826507,0
0.826507,13.897100,0
13.897100,7.505790,0
7.505790,-5.493487,0
-5.493487,19.435790,0
19.435790,21.960030,0
21.960030,24.610820,0
24.610820,7.303667,0
7.303667,2.841022,0
2.841022,22.357650,0
22.357650,1.493998,0
1.493998,2.104918,0
2.104918,5.705926,0
5.705926,26.184620,0
26.184620,-9.626670,0
-9.626670,20.807660,0
20.807660,10.346030,0
10.346030,10.570280,0
10.570280,34.398650,0
34.398650,-7.880563,0
-7.880563,13.956590,0
13.956590,6.534681,0
6.534681,16.059140,0
16.059140,6.421189,0
6.421189,22.408200,0
22.408200,2.536329,0
2.536329,2.955975,0
2.955975,17.029430,0
17.029430,29.768240,0
29.768240,-0.486234,0
-0.486234,12.236790,0
12.236790,1.188364,0
1.188364,8.102704,0
8.102704,-3.906957,0
-3.906957,5.578883,0
5.578883,5.441873,0
5.441873,5.874897,0
5.874897,18.660130,0
18.660130,-4.470882,0
-4.470882,13.335140,0
13.335140,3.557717,0
3.557717,24.125270,0
24.125270,18.525470,0
18.525470,12.986910,0
12.986910,17.434390,0
17.434390,13.358770,0
13.358770,9.173119,0
9.173119,13.418570,0
13.418570,-0.076191,0
-0.076191,5.224356,0
5.224356,22.719930,0
22.719930,10.342120,0
10.342120,16.271030,0
16.271030,-0.369370,0
-0.369370,11.256660,0
11.256660,12.916390,0
12.916390,31.993530,0
31.993530,0.909018,0
0.909018,24.918490,0
24.918490,-1.409272,0
-1.409272,9.203924,0
9.203924,-4.365977,0
-4.365977,16.916610,0
16.916610,10.255950,0
10.255950,22.352620,0
22.352620,12.436690,0
12.436690,10.237680,0
10.237680,-1.170456,0
-1.170456,15.728020,0
15.728020,-6.229601,0
-6.229601,23.020260,0
23.020260,9.663633,0
9.663633,25.294180,0
25.294180,9.051270,0
9.051270,12.582270,0
12.582270,0.876711,0
0.876711,20.081310,0
20.081310,4.492934,0
4.492934,16.617640,0
16.617640,15.530790,0
15.530790,10.372150,0
10.372150,0.789848,0
0.789848,22.085010,0
22.085010,15.882780,0
15.882780,10.702600,0
10.702600,15.653850,0
15.653850,1.855822,0
1.855822,7.006049,0
7.006049,1.034778,0
1.034778,18.060410,0
18.060410,-0.409986,0
-0.409986,19.501450,0
19.501450,22.846720,0
22.846720,14.344750,0
14.344750,-0.553633,0
-0.553633,6.584492,0
6.584492,24.958150,0
24.958150,0.721706,0
0.721706,16.453600,0
16.453600,8.034842,0
8.034842,9.826132,0
9.826132,22.073180,0
22.073180,10.319590,0
10.319590,8.208790,0
8.208790,16.102610,0
16.102610,-0.654029,0
-0.654029,7.418590,0
7.418590,33.903430,0
33.903430,3.274898,0
3.274898,15.558320,0
15.558320,13.552920,0
13.552920,7.387878,0
7.387878,15.867860,0
15.867860,5.051225,0
5.051225,16.534370,0
16.534370,5.229687,0
5.229687,18.391760,0
18.391760,9.339954,0
9.339954,9.981995,0
9.981995,14.029170,0
14.029170,2.419370,0
2.419370,3.084545,0
3.084545,30.352930,0
30.352930,-9.022234,0
-9.022234,3.566726,0
3.566726,8.187902,0
8.187902,10.074350,0
10.074350,4.389926,0
4.389926,10.116960,0
10.116960,17.491070,0
17.491070,9.631412,0
9.631412,25.941920,0
25.941920,6.535813,0
6.535813,14.061030,0
14.061030,2.905847,0
2.905847,4.658055,0
4.658055,-5.764765,0
-5.764765,19.844040,0
19.844040,19.127290,0
19.127290,15.561430,0
15.561430,9.623530,0
9.623530,7.178256,0
7.178256,14.855660,0
14.855660,22.642270,0
22.642270,4.816970,0
4.816970,-7.804288,0
-7.804288,-1.111585,0
-1.111585,-5.118906,0
-5.118906,7.387376,0
7.387376,6.152764,0
6.152764,14.225170,0
14.225170,8.551857,0
8.551857,24.935990,0
24.935990,3.134369,0
3.134369,-6.632367,0
-6.632367,-1.164893,0
-1.164893,18.863060,0
18.863060,48.190500,0
48.190500,56.006670,0
56.006670,48.328630,0
48.328630,76.094400,0
76.094400,31.441450,0
31.441450,62.667120,0
62.667120,37.609160,0
37.609160,64.754920,0
64.754920,52.685770,0
52.685770,71.536090,0
71.536090,48.723000,0
48.723000,83.293840,0
83.293840,31.855180,0
31.855180,59.354380,0
59.354380,55.553340,0
55.553340,57.319560,0
57.319560,29.063370,0
29.063370,49.349920,0
49.349920,50.453020,0
50.453020,78.014160,0
78.014160,33.542900,0
33.542900,51.277970,0
51.277970,45.110860,0
45.110860,46.345570,0
46.345570,43.730540,0
43.730540,67.138460,0
67.138460,55.902290,0
55.902290,44.413550,0
44.413550,35.511360,0
35.511360,63.022390,0
63.022390,36.664380,0
36.664380,60.001770,0
60.001770,39.222920,0
39.222920,42.767950,0
42.767950,25.763580,0
25.763580,72.076900,0
72.076900,42.312780,0
42.312780,66.040350,0
66.040350,46.665420,0
46.665420,58.454050,0
58.454050,57.762210,0
57.762210,50.799960,0
50.799960,53.640620,0
53.640620,53.194390,0
53.194390,55.593070,0
55.593070,72.582090,0
72.582090,34.638200,0
34.638200,62.938180,0
62.938180,68.813780,0
68.813780,49.409140,0
49.409140,38.226680,0
38.226680,55.082120,0
55.082120,42.418350,0
42.418350,73.777970,0
73.777970,44.423840,0
44.423840,52.049900,0
52.049900,32.445940,0
32.445940,52.464740,0
52.464740,43.853020,0
43.853020,49.005940,0
49.005940,52.935610,0
52.935610,51.527070,0
51.527070,46.059270,0
46.059270,70.189950,0
70.189950,44.433090,0
44.433090,58.964500,0
58.964500,53.324700,0
53.324700,66.995650,0
66.995650,54.934880,0
54.934880,52.030300,0
52.030300,44.003350,0
44.003350,60.172500,0
60.172500,38.542340,0
38.542340,53.115630,0
53.115630,26.891440,0
26.891440,60.176930,0
60.176930,27.227420,0
27.227420,47.074730,0
47.074730,24.603010,0
24.603010,58.446530,0
58.446530,45.183910,0
45.183910,69.457720,0
69.457720,35.588070,0
35.588070,73.174080,0
73.174080,28.129080,0
28.129080,44.062830,0
44.062830,39.838150,0
39.838150,48.703880,0
48.703880,40.054440,0
40.054440,79.052270,0
79.052270,54.455720,0
54.455720,49.344880,0
49.344880,58.990030,0
58.990030,59.518090,0
59.518090,47.312550,0
47.312550,47.801240,0
47.801240,46.057670,0
46.057670,70.081610,0
70.081610,51.186200,0
51.186200,60.577830,0
60.577830,58.011570,0
58.011570,62.877270,0
62.877270,31.051240,0
31.051240,61.885550,0
61.885550,32.635450,0
32.635450,43.245680,0
43.245680,59.219070,0
59.219070,75.164530,0
75.164530,40.665400,0
40.665400,81.797570,0
81.797570,35.826760,0
35.826760,67.833980,0
67.833980,49.355190,0
49.355190,75.293190,0
75.293190,57.813020,0
57.813020,55.618630,0
55.618630,36.070830,0
36.070830,51.269970,0
51.269970,33.888860,0
33.888860,48.836940,0
48.836940,38.753010,0
38.753010,68.915960,0
68.915960,44.301840,0
44.301840,53.376540,0
53.376540,43.408670,0
43.408670,62.640910,0
62.640910,36.250780,0
36.250780,46.248870,0
46.248870,35.660460,0
35.660460,40.161790,0
40.161790,44.188600,0
44.188600,74.181320,0
74.181320,42.352970,0
42.352970,68.869380,0
68.869380,59.727610,0
59.727610,71.648680,0
71.648680,41.774200,0
41.774200,74.691920,0
74.691920,39.485830,0
39.485830,58.300320,0
58.300320,46.185870,0
46.185870,49.025190,0
49.025190,32.891600,0
32.891600,50.171330,0
50.171330,31.035310,0
31.035310,72.253200,0
72.253200,47.261100,0
47.261100,67.142700,0
67.142700,43.630650,0
43.630650,63.047660,0
63.047660,43.203790,0
43.203790,57.586940,0
57.586940,34.456820,0
34.456820,54.823360,0
54.823360,36.085010,0
36.085010,68.000590,0
68.000590,55.932240,0
55.932240,63.077340,0
63.077340,30.010130,0
30.010130,67.803400,0
67.803400,40.174440,0
40.174440,50.233190,0
50.233190,40.512480,0
40.512480,61.160690,0
61.160690,44.842280,0
44.842280,59.171430,0
59.171430,44.958260,0
44.958260,65.097720,0
65.097720,49.347340,0
49.347340,52.566880,0
52.566880,24.183270,0
24.183270,63.487120,0
63.487120,41.572940,0
41.572940,48.414520,0
48.414520,36.971410,0
36.971410,65.023280,0
65.023280,39.839440,0
39.839440,49.224760,0
49.224760,39.427640,0
39.427640,46.072490,0
46.072490,33.855770,0
33.855770,58.860900,0
58.860900,32.444520,0
32.444520,46.980450,0
46.980450,35.123570,0
35.123570,78.569730,0
78.569730,36.991860,0
36.991860,63.627530,0
63.627530,44.042830,0
44.042830,69.947570,0
69.947570,47.664770,0
47.664770,59.804070,0
59.804070,46.359900,0
46.359900,59.659520,0
59.659520,71.562610,0
71.562610,53.915340,0
53.915340,28.928690,0
28.928690,46.330520,0
46.330520,47.199290,0
47.199290,41.395690,0
41.395690,48.155070,0
48.155070,83.985810,0
83.985810,48.447700,0
48.447700,54.651740,0
54.651740,35.183390,0
35.183390,68.198360,0
68.198360,52.261280,0
52.261280,50.640560,0
50.640560,35.775920,0
35.775920,62.372140,0
62.372140,43.377920,0
43.377920,60.652640,0
60.652640,40.408790,0
40.408790,53.212940,0
53.212940,46.391260,0
46.391260,64.800020,0
64.800020,61.879960,0
61.879960,62.793500,0
62.793500,18.990940,0
18.990940,54.794620,0
54.794620,35.545910,0
35.545910,64.344360,0
64.344360,50.375480,0
50.375480,68.055910,0
68.055910,54.546730,0
54.546730,60.989130,0
60.989130,44.137070,0
44.137070,53.407060,0
53.407060,45.553720,0
45.553720,70.630250,0
70.630250,45.680420,0
45.680420,41.993700,0
41.993700,55.045690,0
55.045690,48.467280,0
48.467280,37.813830,0
37.813830,42.245330,0
42.245330,33.564910,0
33.564910,78.109930,0
78.109930,19.269900,0
19.269900,67.185150,0
67.185150,37.284810,0
37.284810,37.791980,0
37.791980,39.775560,0
39.775560,44.832490,0
44.832490,35.463140,0
35.463140,70.306310,0
70.306310,40.414390,0
40.414390,65.258050,0
65.258050,26.713500,0
26.713500,60.609580,0
60.609580,40.503450,0
40.503450,57.222310,0
57.222310,29.831380,0
29.831380,55.353260,0
55.353260,40.042330,0
40.042330,60.386920,0
60.386920,40.951890,0
40.951890,51.606900,0
51.606900,51.688870,0
51.688870,52.471760,0
52.471760,24.694990,0
24.694990,50.505010,0
50.505010,62.786840,0
62.786840,55.417280,0
55.417280,21.086240,0
21.086240,48.070320,0
48.070320,22.020500,0
22.020500,45.012940,0
45.012940,41.011360,0
41.011360,45.208480,0
45.208480,41.476290,0
41.476290,49.698750,0
49.698750,43.155260,0
43.155260,69.961870,0
69.961870,29.069220,0
29.069220,31.398120,0
31.398120,33.972640,0
33.972640,58.312800,0
58.312800,35.584730,0
35.584730,46.376670,0
46.376670,31.521460,0
31.521460,61.449910,0
61.449910,38.509490,0
38.509490,54.934800,0
54.934800,48.519590,0
48.519590,45.166500,0
45.166500,51.806550,0
51.806550,48.922630,0
48.922630,59.933330,0
59.933330,41.366040,0
41.366040,37.524370,0
37.524370,65.414360,0
65.414360,41.385120,0
41.385120,58.373400,0
58.373400,59.899850,0
59.899850,45.380200,0
45.380200,46.322880,0
46.322880,49.542360,0
49.542360,45.691580,0
45.691580,60.925930,0
60.925930,36.795160,0
36.795160,78.203910,0
78.203910,30.708710,0
30.708710,70.330360,0
70.330360,51.970640,0
51.970640,80.703230,0
80.703230,50.470910,0
50.470910,64.886700,0
64.886700,52.557520,0
52.557520,66.858350,0
66.858350,38.020800,0
38.020800,75.947030,0
75.947030,47.818330,0
47.818330,58.654390,0
58.654390,45.851270,0
45.851270,67.852520,0
67.852520,51.344240,0
51.344240,68.263020,0
68.263020,37.333170,0
37.333170,67.982470,0
67.982470,45.611330,0
45.611330,63.206190,0
63.206190,31.507640,0
31.507640,65.711720,0
65.711720,28.518950,0
28.518950,73.797010,0
73.797010,50.748070,0
50.748070,53.576380,0
53.576380,39.537010,0
39.537010,69.938320,0
69.938320,49.563720,0
49.563720,68.685800,0
68.685800,57.416440,0
57.416440,42.795950,0
42.795950,35.555590,0
35.555590,58.523470,0
58.523470,42.963140,0
42.963140,37.975480,0
37.975480,41.986420,0
41.986420,55.809810,0
55.809810,32.555320,0
32.555320,46.442570,0
46.442570,32.345280,0
32.345280,60.575060,0
60.575060,24.448570,0
24.448570,51.366180,0
51.366180,39.533570,0
39.533570,64.530820,0
64.530820,28.809830,0
28.809830,55.804260,0
55.804260,39.830180,0
39.830180,55.041550,0
55.041550,39.420110,0
39.420110,44.532160,0
44.532160,42.758120,0
42.758120,66.428260,0
66.428260,23.176060,0
23.176060,56.867040,0
56.867040,25.559010,0
25.559010,68.724100,0
68.724100,18.264030,0
18.264030,40.023270,0
40.023270,30.707770,0
30.707770,63.310140,0
63.310140,49.434370,0
49.434370,79.626050,0
79.626050,41.153510,0
41.153510,60.283760,0
60.283760,36.175410,0
36.175410,65.567980,0
65.567980,44.081160,0
44.081160,51.844470,0
51.844470,43.274530,0
43.274530,68.855710,0
68.855710,49.394230,0
49.394230,60.628980,0
60.628980,50.533570,0
50.533570,46.033070,0
46.033070,42.952690,0
42.952690,71.277000,0
71.277000,30.574040,0
30.574040,76.277720,0
76.277720,35.209910,0
35.209910,69.407980,0
69.407980,39.546900,0
39.546900,58.253960,0
58.253960,40.542020,0
40.542020,68.293260,0
68.293260,42.147270,0
42.147270,63.224000,0
63.224000,39.308980,0
39.308980,55.780190,0
55.780190,50.058590,0
50.058590,57.093420,0
57.093420,43.675380,0
43.675380,63.217230,0
63.217230,39.793530,0
39.793530,43.738090,0
43.738090,43.445390,0
43.445390,50.196950,0
50.196950,41.678130,0
41.678130,55.289620,0
55.289620,48.594000,0
48.594000,69.645890,0
69.645890,38.460820,0
38.460820,61.084160,0
61.084160,53.265240,0
53.265240,63.820180,0
63.820180,49.051700,0
49.051700,66.499950,0
66.499950,39.317370,0
39.317370,67.486040,0
67.486040,41.246180,0
41.246180,49.476540,0
49.476540,37.887150,0
37.887150,59.916470,0
59.916470,41.146220,0
41.146220,63.446990,0
63.446990,32.521640,0
32.521640,73.235340,0
73.235340,41.108120,0
41.108120,44.681840,0
44.681840,25.348950,0
25.348950,55.251410,0
55.251410,41.966100,0
41.966100,60.388960,0
60.388960,40.651870,0
40.651870,61.112290,0
61.112290,31.383960,0
31.383960,66.525000,0
66.525000,59.785780,0
59.785780,38.491330,0
38.491330,31.339900,0
31.339900,63.090480,0
63.090480,40.925540,0
40.925540,60.437710,0
60.437710,29.677270,0
29.677270,66.380730,0
66.380730,32.596830,0
32.596830,33.867090,0
33.867090,20.887270,0
20.887270,56.187530,0
56.187530,37.844700,0
37.844700,51.013210,0
51.013210,40.577830,0
40.577830,69.064880,0
69.064880,59.673260,0
59.673260,74.555620,0
74.555620,36.685400,0
36.685400,50.436040,0
50.436040,45.940000,0
45.940000,57.681760,0
57.681760,64.981440,0
64.981440,79.712060,0
79.712060,36.983310,0
36.983310,65.354630,0
65.354630,45.674680,0
45.674680,55.151850,0
55.151850,37.516430,0
37.516430,49.063530,0
49.063530,51.320670,0
51.320670,56.633740,0
56.633740,46.139680,0
46.139680,46.268120,0
46.268120,46.305700,0
46.305700,50.079330,0
50.079330,58.784820,0
58.784820,35.372840,0
35.372840,24.406430,0
24.406430,58.873760,0
58.873760,42.227820,0
42.227820,61.239680,0
61.239680,19.336370,0
19.336370,69.783160,0
69.783160,39.095010,0
39.095010,60.004540,0
60.004540,31.545440,0
31.545440,56.185560,0
56.185560,46.810520,0
46.810520,51.334830,0
51.334830,37.314170,0
37.314170,60.647990,0
60.647990,35.312760,0
35.312760,64.614620,0
64.614620,47.033970,0
47.033970,66.327370,0
66.327370,43.200510,0
43.200510,64.013850,0
64.013850,57.783690,0
57.783690,73.309750,0
73.309750,51.953460,0
51.953460,50.693200,0
50.693200,37.040920,0
37.040920,60.518940,0
60.518940,33.260790,0
33.260790,75.710450,0
75.710450,45.944160,0
45.944160,71.499370,0
71.499370,35.733850,0
35.733850,46.900100,0
46.900100,40.763790,0
40.763790,67.687510,0
67.687510,35.145540,0
35.145540,65.566300,0
65.566300,35.661750,0
35.661750,56.800160,0
56.800160,28.883170,0
28.883170,43.268030,0
43.268030,31.272640,0
31.272640,66.329300,0
66.329300,34.137480,0
34.137480,60.960880,0
60.960880,47.337290,0
47.337290,68.169000,0
68.169000,31.188160,0
31.188160,78.439630,0
78.439630,37.921560,0
37.921560,63.114100,0
63.114100,53.294000,0
53.294000,55.502620,0
55.502620,61.384260,0
61.384260,59.912050,0
59.912050,43.758080,0
43.758080,67.458120,0
67.458120,38.926320,0
38.926320,43.120860,0
43.120860,30.630750,0
30.630750,79.466950,0
79.466950,28.523920,0
28.523920,59.144580,0
59.144580,34.324300,0
34.324300,60.943470,0
60.943470,24.546900,0
24.546900,64.802470,0
64.802470,36.008170,0
36.008170,46.683870,0
46.683870,21.605830,0
21.605830,46.626440,0
46.626440,44.032590,0
44.032590,64.427780,0
64.427780,33.997690,0
33.997690,56.551450,0
56.551450,43.603660,0
43.603660,61.253460,0
61.253460,46.925250,0
46.925250,54.086890,0
54.086890,50.501270,0
50.501270,60.623610,0
60.623610,53.491980,0
53.491980,41.078750,0
41.078750,42.676350,0
42.676350,55.932460,0
55.932460,27.994220,0
27.994220,53.681880,0
53.681880,39.432070,0
39.432070,57.015660,0
57.015660,26.773660,0
26.773660,63.055000,0
63.055000,42.409710,0
42.409710,49.957290,0
49.957290,36.226910,0
36.226910,57.212210,0
57.212210,38.461630,0
38.461630,67.330740,0
67.330740,43.781430,0
43.781430,65.923090,0
65.923090,32.782910,0
32.782910,73.012380,0
73.012380,34.332310,0
34.332310,60.317630,0
60.317630,38.627620,0
38.627620,57.395580,0
57.395580,40.801540,0
40.801540,39.943660,0
39.943660,34.487200,0
34.487200,50.567930,0
50.567930,37.282350,0
37.282350,51.464250,0
51.464250,36.290040,0
36.290040,72.628750,0
72.628750,27.324460,0
27.324460,51.975360,0
51.975360,43.017950,0
43.017950,72.622180,0
72.622180,30.621360,0
30.621360,49.739880,0
49.739880,51.543570,0
51.543570,37.597800,0
37.597800,54.474790,0
54.474790,52.035070,0
52.035070,46.683700,0
46.683700,76.389640,0
76.389640,36.401910,0
36.401910,55.508540,0
55.508540,32.799190,0
32.799190,57.241320,0
57.241320,63.017170,0
63.017170,51.677860,0
51.677860,30.484390,0
30.484390,39.330470,0
39.330470,36.676300,0
36.676300,87.271190,0
87.271190,18.943830,0
18.943830,59.333270,0
59.333270,43.458980,0
43.458980,51.929910,0
51.929910,37.480090,0
37.480090,68.557870,0
68.557870,45.799380,0
45.799380,71.733940,0
71.733940,39.693810,0
39.693810,58.778970,0
58.778970,43.605210,0
43.605210,51.594960,0
51.594960,49.182130,0
49.182130,66.207210,0
66.207210,25.836770,0
25.836770,47.102740,0
47.102740,30.903420,0
30.903420,53.135810,0
53.135810,40.204930,0
40.204930,60.967420,0
60.967420,46.984630,0
46.984630,52.612810,0
52.612810,39.371060,0
39.371060,46.290810,0
46.290810,40.281000,0
40.281000,59.035830,0
59.035830,40.441730,0
40.441730,47.781190,0
47.781190,37.660530,0
37.660530,59.734060,0
59.734060,38.110460,0
38.110460,44.896720,0
44.896720,48.284500,0
48.284500,41.490090,0
41.490090,49.297300,0
49.297300,63.161180,0
63.161180,22.481310,0
22.481310,74.588990,0
74.588990,52.900030,0
52.900030,58.662740,0
58.662740,39.171100,0
39.171100,60.653030,0
60.653030,46.239430,0
46.239430,65.030930,0
65.030930,38.695970,0
38.695970,84.081480,0
84.081480,40.795270,0
40.795270,49.754300,0
49.754300,42.846910,0
42.846910,57.799110,0
57.799110,65.718590,0
65.718590,53.459750,0
53.459750,32.248070,0
32.248070,67.189620,0
67.189620,37.505280,0
37.505280,72.152330,0
72.152330,46.196260,0
46.196260,63.372280,0
63.372280,46.939010,0
46.939010,50.999020,0
50.999020,30.828790,0
30.828790,59.557660,0
59.557660,53.359650,0
53.359650,52.761790,0
52.761790,48.154390,0
48.154390,68.736720,0
68.736720,33.211660,0
33.211660,38.879620,0
38.879620,29.920480,0
29.920480,77.039390,0
77.039390,37.646500,0
37.646500,56.994160,0
56.994160,35.935400,0
35.935400,77.820790,0
77.820790,47.700360,0
47.700360,64.474890,0
64.474890,25.770650,0
25.770650,62.453830,0
62.453830,41.925230,0
41.925230,57.762400,0
57.762400,34.454730,0
34.454730,60.322530,0
60.322530,30.775760,0
30.775760,52.581150,0
52.581150,26.143640,0
26.143640,66.581510,0
66.581510,47.218360,0
47.218360,51.680760,0
51.680760,55.788410,0
55.788410,57.978790,0
57.978790,43.298900,0
43.298900,56.979680,0
56.979680,40.872120,0
40.872120,27.316160,0
27.316160,49.884170,0
49.884170,32.452830,0
32.452830,20.559120,0
20.559120,57.019870,0
57.019870,25.061160,0
25.061160,44.758050,0
44.758050,26.015950,0
26.015950,55.764110,0
55.764110,37.254160,0
37.254160,65.310940,0
65.310940,53.369990,0
53.369990,53.562380,0
53.562380,38.848960,0
38.848960,56.975740,0
56.975740,39.519150,0
39.519150,61.657690,0
61.657690,37.020220,0
37.020220,69.507090,0
69.507090,50.749080,0
50.749080,56.244770,0
56.244770,35.705100,0
35.705100,58.495620,0
58.495620,44.443940,0
44.443940,67.482450,0
67.482450,54.817380,0
54.817380,61.413060,0
61.413060,45.882160,0
45.882160,63.423760,0
63.423760,39.536110,0
39.536110,65.041890,0
65.041890,44.802030,0
44.802030,50.211860,0
50.211860,29.917710,0
29.917710,71.563910,0
71.563910,25.378460,0
25.378460,64.610150,0
64.610150,41.215890,0
41.215890,64.277420,0
64.277420,51.484260,0
51.484260,68.011000,0
68.011000,59.852250,0
59.852250,60.616180,0
60.616180,51.704560,0
51.704560,47.818190,0
47.818190,47.919990,0
47.919990,46.158240,0
46.158240,41.991990,0
41.991990,65.344920,0
65.344920,53.389190,0
53.389190,71.597920,0
71.597920,50.136540,0
50.136540,58.471330,0
58.471330,43.558860,0
43.558860,50.078110,0
50.078110,44.488210,0
44.488210,73.629160,0
73.629160,27.925140,0
27.925140,67.883350,0
67.883350,36.570760,0
36.570760,72.470420,0
72.470420,35.298170,0
35.298170,65.075940,0
65.075940,51.499700,0
51.499700,63.699560,0
63.699560,49.046670,0
49.046670,65.280740,0
65.280740,38.218520,0
38.218520,56.447990,0
56.447990,35.588040,0
35.588040,44.724330,0
44.724330,27.653410,0
27.653410,61.118800,0
61.118800,41.229760,0
41.229760,53.651460,0
53.651460,32.008850,0
32.008850,46.290290,0
46.290290,46.496510,0
46.496510,55.931870,0
55.931870,25.128090,0
25.128090,45.545610,0
45.545610,31.507950,0
31.507950,35.048320,0
35.048320,32.441000,0
32.441000,70.150260,0
70.150260,50.469870,0
50.469870,56.496270,0
56.496270,53.024140,0
53.024140,48.189630,0
48.189630,46.284820,0
46.284820,64.750750,0
64.750750,21.909140,0
21.909140,60.495580,0
60.495580,38.161320,0
38.161320,56.997290,0
56.997290,32.706230,0
32.706230,53.865080,0
53.865080,30.587850,0
30.587850,74.078530,0
74.078530,42.876580,0
42.876580,64.604890,0
64.604890,41.169180,0
41.169180,50.857360,0
50.857360,40.406500,0
40.406500,56.962680,0
56.962680,27.980430,0
27.980430,54.999410,0
54.999410,39.861440,0
39.861440,65.404180,0
65.404180,44.069160,0
44.069160,58.017870,0
58.017870,41.273580,0
41.273580,47.032710,0
47.032710,29.505360,0
29.505360,50.076370,0
50.076370,42.725260,0
42.725260,52.065940,0
52.065940,55.889990,0
55.889990,57.753950,0
57.753950,43.437290,0
43.437290,45.539890,0
45.539890,45.215920,0
45.215920,56.235510,0
56.235510,21.468860,0
21.468860,50.973310,0
50.973310,40.817500,0
40.817500,63.635040,0
63.635040,34.897240,0
34.897240,64.742540,0
64.742540,38.823770,0
38.823770,54.306120,0
54.306120,39.812530,0
39.812530,61.819600,0
61.819600,42.255320,0
42.255320,62.650050,0
62.650050,44.365480,0
44.365480,49.879880,0
49.879880,31.581780,0
31.581780,55.539710,0
55.539710,35.251330,0
35.251330,53.151570,0
53.151570,50.776320,0
50.776320,74.221470,0
74.221470,46.640620,0
46.640620,37.811220,0
37.811220,50.717560,0
50.717560,53.065950,0
53.065950,49.077750,0
49.077750,59.129010,0
59.129010,26.632340,0
26.632340,64.197270,0
64.197270,48.796250,0
48.796250,38.620790,0
38.620790,22.200290,0
22.200290,73.115730,0
73.115730,44.410000,0
44.410000,53.046490,0
53.046490,63.888250,0
63.888250,48.978890,0
48.978890,33.570920,0
33.570920,63.849410,0
63.849410,44.852320,0
44.852320,62.173860,0
62.173860,43.814820,0
43.814820,57.735690,0
57.735690,32.163170,0
32.163170,58.714960,0
58.714960,34.768340,0
34.768340,55.574430,0
55.574430,27.020040,0
27.020040,60.166870,0
60.166870,36.849260,0
36.849260,46.012210,0
46.012210,36.167880,0
36.167880,68.047380,0
68.047380,54.349720,0
54.349720,51.942600,0
51.942600,47.116790,0
47.116790,77.187880,0
77.187880,57.422900,0
57.422900,32.305000,0
32.305000,52.180290,0
52.180290,65.105730,0
65.105730,51.859090,0
51.859090,67.516610,0
67.516610,49.031820,0
49.031820,60.340690,0
60.340690,45.430050,0
45.430050,59.776990,0
59.776990,33.160070,0
33.160070,67.797200,0
67.797200,28.074120,0
28.074120,60.444100,0
60.444100,37.392320,0
37.392320,60.045880,0
60.045880,41.715900,0
41.715900,54.867200,0
54.867200,32.797900,0
32.797900,73.659130,0
73.659130,48.737860,0
48.737860,49.544460,0
49.544460,55.617090,0
55.617090,57.069160,0
57.069160,26.596180,0
26.596180,54.898580,0
54.898580,42.085670,0
42.085670,40.121720,0
40.121720,52.211760,0
52.211760,52.755390,0
52.755390,36.555130,0
36.555130,62.319430,0
62.319430,31.438110,0
31.438110,50.333730,0
50.333730,40.873470,0
40.873470,69.904480,0
69.904480,25.970940,0
25.970940,68.056020,0
68.056020,35.187770,0
35.187770,47.835210,0
47.835210,30.723230,0
30.723230,53.499240,0
53.499240,41.993140,0
41.993140,50.874710,0
50.874710,30.885030,0
30.885030,59.035420,0
59.035420,55.633840,0
55.633840,51.227410,0
51.227410,37.707520,0
37.707520,54.486030,0
54.486030,27.178790,0
27.178790,73.227140,0
73.227140,55.743530,0
55.743530,35.896030,0
35.896030,25.664390,0
25.664390,58.535620,0
58.535620,17.009570,0
17.009570,68.390960,0
68.390960,43.950910,0
43.950910,61.042500,0
61.042500,38.807200,0
38.807200,53.424180,0
53.424180,40.304210,0
40.304210,55.305170,0
55.305170,39.786720,0
39.786720,57.065350,0
57.065350,63.904140,0
63.904140,56.324960,0
56.324960,48.880940,0
48.880940,67.824440,0
67.824440,58.402540,0
58.402540,79.280480,0
79.280480,39.707210,0
39.707210,64.789280,0
64.789280,47.590790,0
47.590790,51.551100,0
51.551100,44.846360,0
44.846360,52.342640,0
52.342640,21.278290,0
21.278290,50.897520,0
50.897520,56.598430,0
56.598430,65.834520,0
65.834520,37.480170,0
37.480170,57.397040,0
57.397040,49.159540,0
49.159540,46.121920,0
46.121920,37.663070,0
37.663070,57.068800,0
57.068800,41.861260,0
41.861260,63.413660,0
63.413660,51.730520,0
51.730520,66.695100,0
66.695100,47.648470,0
47.648470,58.086650,0
58.086650,35.174020,0
35.174020,56.001860,0
56.001860,45.441580,0
45.441580,84.850190,0
84.850190,63.148720,0
63.148720,70.525190,0
70.525190,42.085570,0
42.085570,54.223470,0
54.223470,46.015140,0
46.015140,58.379220,0
58.379220,42.118170,0
42.118170,66.596730,0
66.596730,26.510540,0
26.510540,64.871600,0
64.871600,28.679380,0
28.679380,67.395310,0
67.395310,29.987580,0
29.987580,56.676410,0
56.676410,23.975320,0
23.975320,53.694320,0
53.694320,54.476630,0
54.476630,68.482470,0
68.482470,25.668490,0
25.668490,56.620320,0
56.620320,36.403980,0
36.403980,63.524580,0
63.524580,37.765940,0
37.765940,48.952030,0
48.952030,44.496760,0
44.496760,53.933840,0
53.933840,41.212540,0
41.212540,67.439370,0
67.439370,14.469490,0
14.469490,62.267290,0
62.267290,26.006320,0
26.006320,58.303010,0
58.303010,47.845690,0
47.845690,51.467590,0
51.467590,44.965010,0
44.965010,81.814270,0
81.814270,52.122860,0
52.122860,65.782590,0
65.782590,34.272600,0
34.272600,65.021000,0
65.021000,36.363130,0
36.363130,63.946290,0
63.946290,20.330370,0
20.330370,62.207690,0
62.207690,58.244810,0
58.244810,54.458480,0
54.458480,28.142200,0
28.142200,76.065690,0
76.065690,40.837470,0
40.837470,60.211980,0
60.211980,29.580270,0
29.580270,51.326160,0
51.326160,41.687490,0
41.687490,56.748360,0
56.748360,19.345300,0
19.345300,49.816440,0
49.816440,39.109780,0
39.109780,59.985830,0
59.985830,30.060110,0
30.060110,59.574090,0
59.574090,30.118720,0
30.118720,48.142240,0
48.142240,26.801730,0
26.801730,69.782670,0
69.782670,41.449700,0
41.449700,56.781150,0
56.781150,39.841260,0
39.841260,49.979640,0
49.979640,59.783580,0
59.783580,61.261060,0
61.261060,45.448180,0
45.448180,64.820230,0
64.820230,58.416200,0
58.416200,58.580340,0
58.580340,36.469150,0
36.469150,65.334840,0
65.334840,47.393380,0
47.393380,54.896190,0
54.896190,55.976590,0
55.976590,75.718330,0
75.718330,25.907330,0
25.907330,51.430850,0
51.430850,56.321670,0
56.321670,55.584310,0
55.584310,59.477240,0
59.477240,54.725480,0
54.725480,36.049460,0
36.049460,34.221410,0
34.221410,34.619910,0
34.619910,75.203850,0
75.203850,40.563930,0
40.563930,60.775900,0
60.775900,23.057460,0
23.057460,43.836990,0
43.836990,49.643750,0
49.643750,49.024900,0
49.024900,22.871060,0
22.871060,59.366830,0
59.366830,41.120260,0
41.120260,55.799390,0
55.799390,55.275900,0
55.275900,52.325050,0
52.325050,45.418580,0
45.418580,69.307710,0
69.307710,42.589690,0
42.589690,48.273740,0
48.273740,59.785630,0
59.785630,54.978280,0
54.978280,46.417410,0
46.417410,52.721190,0
52.721190,13.429480,0
13.429480,57.035620,0
57.035620,50.947100,0
50.947100,56.931760,0
56.931760,46.097300,0
46.097300,47.225600,0
47.225600,34.897510,0
34.897510,71.073950,0
71.073950,26.314950,0
26.314950,49.995650,0
49.995650,30.893270,0
30.893270,79.225780,0
79.225780,43.234820,0
43.234820,46.737410,0
46.737410,44.944050,0
44.944050,50.633500,0
50.633500,45.222320,0
45.222320,80.581610,0
80.581610,7.826419,0
7.826419,39.478550,0
39.478550,33.076190,0
33.076190,72.863710,0
72.863710,52.046570,0
52.046570,62.564540,0
62.564540,41.675680,0
41.675680,60.359360,0
60.359360,55.847560,0
55.847560,67.584800,0
67.584800,36.045470,0
36.045470,49.414980,0
49.414980,36.285690,0
36.285690,60.101680,0
60.101680,45.728560,0
45.728560,50.071890,0
50.071890,39.055390,0
39.055390,54.941650,0
54.941650,20.272600,0
20.272600,48.626560,0
48.626560,27.339740,0
27.339740,51.369970,0
51.369970,46.134680,0
46.134680,55.691440,0
55.691440,44.969990,0
44.969990,65.991280,0
65.991280,46.390570,0
46.390570,67.486630,0
67.486630,47.082330,0
47.082330,60.209980,0
60.209980,36.539390,0
36.539390,60.509860,0
60.509860,38.753250,0
38.753250,61.354030,0
61.354030,42.649090,0
42.649090,57.299170,0
57.299170,23.095820,0
23.095820,70.342060,0
70.342060,42.448510,0
42.448510,44.218290,0
44.218290,33.495630,0
33.495630,71.327740,0
71.327740,47.072880,0
47.072880,55.737800,0
55.737800,24.961200,0
24.961200,53.323790,0
53.323790,45.487750,0
45.487750,65.856510,0
65.856510,59.203560,0
59.203560,68.744650,0
68.744650,44.009920,0
44.009920,50.527860,0
50.527860,43.686420,0
43.686420,83.658630,0
83.658630,41.870530,0
41.870530,51.922260,0
51.922260,43.729690,0
43.729690,46.000910,0
46.000910,38.526290,0
38.526290,76.757240,0
76.757240,53.425360,0
53.425360,73.632000,0
73.632000,39.337390,0
39.337390,51.298710,0
51.298710,36.665980,0
36.665980,51.515360,0
51.515360,41.969130,0
41.969130,61.306440,0
61.306440,35.251980,0
35.251980,60.784930,0
60.784930,33.561470,0
33.561470,59.854320,0
59.854320,33.071250,0
33.071250,49.415560,0
49.415560,48.443030,0
48.443030,51.908510,0
51.908510,40.750250,0
40.750250,68.098900,0
68.098900,50.357840,0
50.357840,54.573510,0
54.573510,44.572790,0
44.572790,78.778670,0
78.778670,24.526930,0
24.526930,68.578290,0
68.578290,54.202550,0
54.202550,63.618360,0
63.618360,41.303570,0
41.303570,66.866200,0
66.866200,37.413740,0
37.413740,71.925240,0
71.925240,26.862040,0
26.862040,55.374590,0
55.374590,39.551370,0
39.551370,43.229400,0
43.229400,47.005660,0
47.005660,53.659330,0
53.659330,38.123610,0
38.123610,57.129990,0
57.129990,37.524850,0
37.524850,80.646940,0
80.646940,39.205780,0
